desc: I1 cache:         32768 B, 64 B, 8-way associative
desc: D1 cache:         32768 B, 64 B, 8-way associative
desc: LL cache:         12582912 B, 64 B, 24-way associative
cmd: ./sum_by_rows
events: Ir I1mr ILmr Dr D1mr DLmr Dw D1mw DLmw 
fl=/build/glibc-LK5gWL/glibc-2.23/csu/../csu/init-first.c
fn=_init
52 8 1 1 0 0 0 4 0 0
58 4 1 1 1 1 0 1 1 1
65 5 1 1 4 2 0 0 0 0
70 1 0 0 0 0 0 1 1 1
71 1 0 0 0 0 0 1 1 1
72 2 0 0 1 1 0 1 1 1
86 4 0 0 0 0 0 1 0 0
94 1 0 0 0 0 0 1 0 0
99 6 0 0 5 0 0 0 0 0
fl=/build/glibc-LK5gWL/glibc-2.23/csu/../csu/libc-start.c
fn=(below main)
134 10 1 1 0 0 0 8 0 0
138 7 1 1 1 1 0 1 0 0
220 2 1 1 0 0 0 0 0 0
221 4 0 0 0 0 0 1 0 0
243 4 0 0 2 0 0 0 0 0
246 2 0 0 0 0 0 0 0 0
247 5 0 0 4 0 0 1 0 0
251 4 1 1 2 1 0 0 0 0
266 2 0 0 0 0 0 0 0 0
278 2 0 0 0 0 0 1 0 0
279 2 0 0 0 0 0 0 0 0
284 2 0 0 1 1 0 1 0 0
285 2 1 0 1 1 0 1 0 0
288 2 0 0 0 0 0 1 0 0
291 6 0 0 5 2 0 1 0 0
fl=/build/glibc-LK5gWL/glibc-2.23/csu/../sysdeps/generic/dl-hash.h
fn=_init
45 12 0 0 4 1 0 0 0 0
48 12 0 0 0 0 0 0 0 0
62 16 0 0 0 0 0 0 0 0
fl=/build/glibc-LK5gWL/glibc-2.23/csu/../sysdeps/unix/sysv/linux/x86_64/init-first.c
fn=_init
36 11 2 2 0 0 0 4 0 0
38 4 0 0 0 0 0 1 0 0
39 2 0 0 0 0 0 0 0 0
40 2 1 1 0 0 0 0 0 0
41 2 1 1 1 0 0 0 0 0
42 1 0 0 0 0 0 1 0 0
44 3 0 0 0 0 0 1 0 0
45 2 0 0 1 0 0 0 0 0
46 1 0 0 0 0 0 1 0 0
fl=/build/glibc-LK5gWL/glibc-2.23/ctype/ctype-info.c
fn=__ctype_init
31 7 2 2 5 2 0 1 0 0
33 4 0 0 2 1 0 1 0 0
35 5 0 0 3 1 0 1 0 0
fl=/build/glibc-LK5gWL/glibc-2.23/elf/../elf/dl-runtime.c
fn=_dl_fixup
66 219 1 1 0 0 0 73 0 0
68 73 0 0 73 0 0 0 0 0
69 146 0 0 146 4 0 0 0 0
71 292 0 0 73 6 0 0 0 0
72 73 0 0 73 5 0 0 0 0
73 511 0 0 146 71 0 73 0 0
74 219 1 1 146 11 0 0 0 0
79 146 0 0 0 0 0 0 0 0
83 146 0 0 73 72 41 0 0 0
87 219 0 0 73 6 0 0 0 0
91 73 0 0 73 6 0 0 0 0
92 365 1 1 146 68 0 0 0 0
94 292 0 0 73 14 0 0 0 0
100 73 0 0 0 0 0 0 0 0
101 219 0 0 73 1 0 0 0 0
111 730 1 1 146 6 0 219 0 0
115 365 0 0 219 0 0 0 0 0
125 438 0 0 146 6 0 0 0 0
133 73 1 1 73 0 0 0 0 0
141 292 0 0 73 0 0 0 0 0
145 219 0 0 73 2 0 0 0 0
149 219 0 0 146 0 0 0 0 0
fl=/build/glibc-LK5gWL/glibc-2.23/elf/../elf/dl-sysdep.c
fn=_dl_sysdep_start
86 8 1 1 0 0 0 6 1 1
110 1 0 0 0 0 0 1 0 0
111 272 1 1 89 12 12 4 3 3
114 2 0 0 0 0 0 1 0 0
115 1 0 0 0 0 0 1 0 0
117 132 5 5 34 2 2 17 1 1
118 107 0 0 18 3 3 0 0 0
121 1 0 0 1 0 0 0 0 0
122 1 0 0 0 0 0 0 0 0
124 1 0 0 1 1 1 0 0 0
125 1 0 0 0 0 0 0 0 0
127 1 1 1 1 1 1 0 0 0
128 2 0 0 0 0 0 0 0 0
130 1 0 0 1 0 0 0 0 0
131 2 0 0 0 0 0 0 0 0
151 1 0 0 1 1 1 0 0 0
152 2 0 0 0 0 0 0 0 0
154 1 0 0 1 0 0 0 0 0
155 2 0 0 0 0 0 0 0 0
157 2 1 1 1 0 0 1 0 0
158 2 0 0 0 0 0 0 0 0
163 2 1 1 1 0 0 1 0 0
164 2 0 0 0 0 0 1 0 0
179 2 1 1 1 0 0 1 0 0
180 2 0 0 0 0 0 1 0 0
231 3 0 0 1 0 0 0 0 0
232 2 0 0 0 0 0 2 0 0
234 5 1 1 0 0 0 1 0 0
240 2 1 1 0 0 0 1 0 0
246 3 0 0 1 0 0 0 0 0
249 5 0 0 1 0 0 1 0 0
251 9 0 0 8 2 0 0 0 0
fn=_dl_sysdep_start_cleanup
256 1 0 0 1 0 0 0 0 0
fl=/build/glibc-LK5gWL/glibc-2.23/elf/../misc/sbrk.c
fn=sbrk
34 4 1 1 0 0 0 2 0 0
42 6 0 0 2 1 1 0 0 0
46 2 0 0 0 0 0 0 0 0
62 5 1 1 3 0 0 0 0 0
fl=/build/glibc-LK5gWL/glibc-2.23/elf/../string/bits/string2.h
fn=handle_ld_preload
961 189 1 1 47 0 0 0 0 0
962 145 0 0 0 0 0 0 0 0
963 93 0 0 0 0 0 0 0 0
fl=/build/glibc-LK5gWL/glibc-2.23/elf/../sysdeps/posix/dl-fileid.h
fn=_dl_map_object_from_fd
37 30 1 1 0 0 0 5 0 0
40 5 0 0 5 0 0 0 0 0
41 10 0 0 5 0 0 5 0 0
49 60 1 1 30 1 1 0 0 0
fl=/build/glibc-LK5gWL/glibc-2.23/elf/../sysdeps/unix/sysv/linux/dl-osinfo.h
fn=dl_main
77 1 0 0 1 0 0 0 0 0
fl=/build/glibc-LK5gWL/glibc-2.23/elf/../sysdeps/unix/sysv/linux/dl-sysdep.c
fn=_dl_discover_osversion
45 7 2 2 0 0 0 6 0 0
47 3 0 0 1 0 0 0 0 0
87 5 1 1 0 0 0 1 1 1
102 1 0 0 0 0 0 0 0 0
106 1 0 0 0 0 0 0 0 0
107 1 0 0 0 0 0 0 0 0
109 12 0 0 3 1 1 0 0 0
111 6 1 1 0 0 0 0 0 0
113 12 0 0 3 0 0 0 0 0
119 3 0 0 0 0 0 0 0 0
120 3 0 0 0 0 0 0 0 0
121 3 0 0 0 0 0 0 0 0
123 13 0 0 0 0 0 0 0 0
128 2 1 1 0 0 0 0 0 0
132 8 1 1 7 0 0 0 0 0
fn=_dl_sysdep_start
35 2 1 1 0 0 0 1 0 0
fl=/build/glibc-LK5gWL/glibc-2.23/elf/../sysdeps/unix/sysv/linux/dl-vdso.c
fn=_dl_vdso_vsym
27 8 1 1 8 1 0 0 0 0
28 8 1 1 4 0 0 0 0 0
31 8 0 0 0 0 0 0 0 0
fl=/build/glibc-LK5gWL/glibc-2.23/elf/../sysdeps/unix/sysv/linux/x86_64/brk.c
fn=brk
31 7 2 2 0 0 0 1 1 1
33 2 0 0 0 0 0 0 0 0
39 1 0 0 0 0 0 0 0 0
40 1 0 0 1 0 0 0 0 0
fl=/build/glibc-LK5gWL/glibc-2.23/elf/../sysdeps/x86/cpu-features.c
fn=init_cpu_features.constprop.0
30 5 1 1 0 0 0 3 0 0
33 1 0 0 0 0 0 1 0 0
34 3 1 1 0 0 0 0 0 0
35 3 0 0 0 0 0 0 0 0
36 3 0 0 0 0 0 0 0 0
37 2 0 0 0 0 0 0 0 0
42 2 0 0 0 0 0 0 0 0
46 7 1 1 0 0 0 6 1 1
62 3 1 1 0 0 0 1 0 0
65 9 0 0 0 0 0 0 0 0
69 3 0 0 0 0 0 0 0 0
74 3 0 0 0 0 0 0 0 0
77 1 1 1 0 0 0 0 0 0
78 7 0 0 1 1 1 0 0 0
113 2 1 1 1 0 0 0 0 0
135 2 1 1 1 1 1 0 0 0
176 3 1 1 1 0 0 0 0 0
177 1 0 0 1 0 0 0 0 0
180 2 0 0 0 0 0 0 0 0
181 1 0 0 1 0 0 0 0 0
183 2 1 1 1 0 0 0 0 0
184 7 0 0 0 0 0 4 0 0
191 3 0 0 1 0 0 0 0 0
195 2 0 0 0 0 0 0 0 0
197 4 1 1 0 0 0 0 0 0
201 2 1 1 0 0 0 0 0 0
202 1 0 0 1 0 0 0 0 0
208 3 0 0 1 0 0 0 0 0
213 3 1 1 0 0 0 0 0 0
229 2 0 0 0 0 0 0 0 0
232 2 0 0 1 0 0 0 0 0
238 2 0 0 1 0 0 0 0 0
242 4 1 1 0 0 0 0 0 0
243 2 0 0 0 0 0 0 0 0
246 4 0 0 0 0 0 1 0 0
248 3 0 0 0 0 0 0 0 0
251 2 0 0 0 0 0 0 0 0
313 4 1 1 0 0 0 0 0 0
314 4 0 0 0 0 0 0 0 0
315 4 0 0 0 0 0 0 0 0
316 2 1 1 0 0 0 0 0 0
317 2 0 0 0 0 0 0 0 0
324 1 0 0 0 0 0 1 0 0
325 1 0 0 0 0 0 1 0 0
326 1 0 0 0 0 0 1 0 0
327 8 0 0 7 0 0 0 0 0
fl=/build/glibc-LK5gWL/glibc-2.23/elf/../sysdeps/x86_64/dl-irel.h
fn=_dl_fixup
32 2 1 1 0 0 0 1 0 0
fl=/build/glibc-LK5gWL/glibc-2.23/elf/../sysdeps/x86_64/dl-machine.h
fn=_dl_fixup
237 73 0 0 0 0 0 73 0 0
fn=_dl_relocate_object
76 42 0 0 7 0 0 0 0 0
82 12 0 0 12 5 0 0 0 0
86 18 0 0 6 6 5 0 0 0
92 6 1 1 0 0 0 6 0 0
100 18 0 0 6 0 0 0 0 0
120 12 0 0 6 1 0 0 0 0
122 6 0 0 0 0 0 6 0 0
124 24 0 0 6 0 0 0 0 0
131 21 0 0 7 7 2 0 0 0
271 6684 0 0 0 0 0 0 0 0
292 6684 1 1 0 0 0 0 0 0
296 6684 0 0 0 0 0 0 0 0
303 156950 12 12 32666 1752 1317 19862 6 0
305 16629 1 1 6648 9 0 0 0 0
308 13296 0 0 3324 0 0 0 0 0
314 20052 0 0 3342 8 3 0 0 0
347 6 1 1 0 0 0 0 0 0
348 9 0 0 3 1 0 3 1 1
355 6 0 0 2 0 0 0 0 0
366 8 0 0 4 0 0 2 0 0
409 45 1 1 15 0 0 0 0 0
413 75 1 1 15 0 0 0 0 0
427 75 0 0 30 1 1 15 7 7
437 9963 2 2 3321 414 414 3321 1160 425
449 18 0 0 0 0 0 6 0 0
476 3 1 1 1 0 0 0 0 0
480 7 0 0 3 0 0 2 0 0
482 4 1 1 3 0 0 0 0 0
483 1 0 0 0 0 0 0 0 0
514 6195 1 1 2065 518 517 0 0 0
519 4130 0 0 0 0 0 0 0 0
520 6195 0 0 2065 260 260 2065 470 463
530 2176 0 0 1099 0 0 0 0 0
534 2154 0 0 0 0 0 0 0 0
536 3231 0 0 1077 1 0 0 0 0
537 1077 0 0 1077 135 133 0 0 0
556 66 0 0 44 0 0 22 0 0
557 22 0 0 0 0 0 22 0 0
fn=_dl_start
59 3 0 0 1 1 1 0 0 0
268 6 0 0 0 0 0 0 0 0
296 12 0 0 0 0 0 0 0 0
305 24 0 0 12 2 2 0 0 0
308 24 0 0 6 4 4 0 0 0
314 37 0 0 6 1 1 0 0 0
427 12 1 1 6 0 0 6 1 1
519 20 0 0 10 1 1 0 0 0
520 30 1 1 10 2 2 10 3 3
fn=_dl_sysdep_start
225 5 0 0 2 1 1 0 0 0
229 1 0 0 0 0 0 1 0 0
fl=/build/glibc-LK5gWL/glibc-2.23/elf/../sysdeps/x86_64/dl-trampoline.h
fn=_dl_runtime_resolve_xsave
71 73 1 1 0 0 0 73 0 0
74 73 0 0 0 0 0 0 0 0
76 73 0 0 0 0 0 0 0 0
84 73 0 0 73 2 0 0 0 0
90 73 0 0 0 0 0 73 2 0
91 73 0 0 0 0 0 73 0 0
92 73 0 0 0 0 0 73 0 0
93 73 0 0 0 0 0 73 0 0
94 73 0 0 0 0 0 73 0 0
95 73 0 0 0 0 0 73 0 0
96 73 1 1 0 0 0 73 0 0
100 73 0 0 0 0 0 0 0 0
101 73 0 0 0 0 0 0 0 0
104 73 0 0 0 0 0 73 0 0
105 73 0 0 0 0 0 73 0 0
107 73 0 0 0 0 0 73 0 0
108 73 0 0 0 0 0 73 0 0
109 73 0 0 0 0 0 73 0 0
110 73 0 0 0 0 0 73 0 0
111 73 0 0 0 0 0 73 0 0
112 73 1 1 0 0 0 73 0 0
114 73 0 0 73 0 0 2409 11 0
127 73 0 0 73 0 0 0 0 0
128 73 0 0 73 0 0 0 0 0
129 73 0 0 0 0 0 73 2 0
130 73 0 0 0 0 0 0 0 0
135 73 0 0 0 0 0 0 0 0
136 73 0 0 0 0 0 0 0 0
137 73 0 0 2628 0 0 0 0 0
139 73 0 0 73 0 0 0 0 0
140 73 0 0 73 0 0 0 0 0
141 73 0 0 73 0 0 0 0 0
142 73 0 0 73 0 0 0 0 0
143 73 1 1 73 0 0 0 0 0
144 73 0 0 73 0 0 0 0 0
145 73 0 0 73 0 0 0 0 0
147 73 0 0 0 0 0 0 0 0
149 73 0 0 73 0 0 0 0 0
153 73 0 0 0 0 0 0 0 0
156 73 0 0 0 0 0 0 0 0
fl=/build/glibc-LK5gWL/glibc-2.23/elf/./dl-load.h
fn=_dl_map_object_from_fd
90 20 0 0 0 0 0 0 0 0
91 15 0 0 10 0 0 5 0 0
93 20 1 1 10 0 0 0 0 0
94 20 1 1 12 0 0 0 0 0
95 44 1 1 12 0 0 0 0 0
98 16 0 0 0 0 0 4 0 0
fl=/build/glibc-LK5gWL/glibc-2.23/elf/./dl-map-segments.h
fn=_dl_map_object_from_fd
56 55 2 2 20 0 0 15 0 0
60 15 0 0 5 0 0 0 0 0
63 15 1 1 5 0 0 5 0 0
64 10 0 0 0 0 0 5 0 0
66 10 0 0 5 0 0 0 0 0
72 35 0 0 10 0 0 5 0 0
73 20 2 2 10 0 0 0 0 0
76 10 0 0 10 0 0 0 0 0
86 50 0 0 10 0 0 0 0 0
88 20 0 0 10 0 0 0 0 0
90 70 1 1 25 0 0 10 0 0
100 40 0 0 20 0 0 0 0 0
106 10 0 0 5 0 0 0 0 0
107 5 0 0 0 0 0 0 0 0
108 25 0 0 5 0 0 0 0 0
109 10 0 0 0 0 0 0 0 0
116 10 0 0 0 0 0 0 0 0
119 10 2 2 0 0 0 0 0 0
127 60 1 1 15 0 0 20 0 0
133 10 0 0 0 0 0 0 0 0
137 18 1 1 0 0 0 4 0 0
140 6 1 1 2 0 0 0 0 0
145 10 1 1 0 0 0 0 0 0
fl=/build/glibc-LK5gWL/glibc-2.23/elf/dl-addr.c
fn=_dl_addr
30 2 0 0 1 0 0 1 0 0
31 2 0 0 1 0 0 1 0 0
34 2 0 0 1 0 0 0 0 0
38 1 1 1 1 0 0 0 0 0
39 1 0 0 1 0 0 0 0 0
40 3 0 0 2 0 0 1 0 0
42 2 0 0 2 0 0 0 0 0
45 2 0 0 1 1 0 0 0 0
50 2030 0 0 2 0 0 0 0 0
52 1011 1 1 1011 62 22 0 0 0
53 2022 0 0 0 0 0 0 0 0
55 3628 0 0 907 0 0 0 0 0
61 11175 1 1 2235 481 438 0 0 0
63 8940 0 0 2235 0 0 0 0 0
64 16328 0 0 5110 355 325 0 0 0
69 2235 0 0 0 0 0 0 0 0
71 9044 1 1 2235 136 84 0 0 0
99 3 1 1 1 1 0 0 0 0
100 1 0 0 0 0 0 1 1 0
101 3 0 0 1 0 0 0 0 0
104 2 0 0 0 0 0 0 0 0
116 1 1 1 0 0 0 1 0 0
117 1 0 0 0 0 0 1 0 0
126 11 1 1 0 0 0 8 0 0
131 3 1 1 2 0 0 1 0 0
133 2 0 0 0 0 0 1 0 0
135 2 0 0 0 0 0 0 0 0
138 2 0 0 0 0 0 0 0 0
141 2 1 1 1 1 0 1 0 0
144 9 0 0 7 1 0 0 0 0
fl=/build/glibc-LK5gWL/glibc-2.23/elf/dl-altinit.c
fn=dlinit_alt
33 3 1 1 2 0 0 0 0 0
34 1 0 0 1 0 0 0 0 0
fl=/build/glibc-LK5gWL/glibc-2.23/elf/dl-cache.c
fn=_dl_cache_libcmp
138 147 1 1 98 36 36 0 0 0
139 666 0 0 0 0 0 0 0 0
141 957 0 0 0 0 0 0 0 0
143 347 1 1 0 0 0 0 0 0
149 28 0 0 0 0 0 0 0 0
150 28 0 0 0 0 0 0 0 0
151 70 0 0 14 0 0 0 0 0
153 70 1 1 14 1 1 0 0 0
155 28 0 0 0 0 0 0 0 0
161 610 1 1 0 0 0 0 0 0
163 1150 0 0 540 3 3 0 0 0
164 70 0 0 35 0 0 0 0 0
167 270 0 0 0 0 0 0 0 0
168 270 0 0 0 0 0 0 0 0
171 42 0 0 14 0 0 0 0 0
fn=_dl_load_cache_lookup
185 36 1 1 0 0 0 24 0 0
193 8 0 0 4 0 0 0 0 0
196 12 1 1 4 0 0 0 0 0
199 5 1 1 0 0 0 1 1 1
207 5 0 0 1 0 0 0 0 0
208 6 1 1 0 0 0 1 0 0
212 1 0 0 0 0 0 1 0 0
215 4 0 0 1 0 0 0 0 0
218 2 0 0 0 0 0 1 0 0
219 3 1 1 0 0 0 0 0 0
220 6 0 0 0 0 0 1 0 0
241 12 0 0 6 0 0 0 0 0
247 8 0 0 0 0 0 0 0 0
256 20 0 0 0 0 0 8 0 0
262 16 1 1 0 0 0 8 0 0
266 16 0 0 8 0 0 8 0 0
281 1126 8 8 202 31 31 110 0 0
297 8 0 0 4 0 0 0 0 0
301 8 0 0 4 0 0 0 0 0
309 36 1 1 4 0 0 4 0 0
310 12 0 0 0 0 0 4 0 0
311 8 0 0 0 0 0 4 0 0
312 32 0 0 28 0 0 0 0 0
fn=_dl_unload_cache
321 1 0 0 0 0 0 0 0 0
322 4 1 1 1 1 0 0 0 0
324 2 0 0 1 0 0 1 0 0
325 1 1 1 0 0 0 1 0 0
327 2 0 0 1 0 0 0 0 0
fl=/build/glibc-LK5gWL/glibc-2.23/elf/dl-debug.c
fn=_dl_debug_initialize
50 14 1 1 0 0 0 0 0 0
51 7 1 1 7 0 0 0 0 0
55 26 0 0 7 0 0 0 0 0
58 1 0 0 0 0 0 1 0 0
59 2 0 0 0 0 0 1 0 0
60 5 0 0 1 0 0 1 0 0
61 2 0 0 0 0 0 1 0 0
64 1 0 0 1 0 0 0 0 0
fn=_dl_debug_state
74 2 2 1 2 0 0 0 0 0
fl=/build/glibc-LK5gWL/glibc-2.23/elf/dl-deps.c
fn=_dl_map_object_deps
144 4 1 1 0 0 0 2 0 0
145 2 0 0 0 0 0 2 0 0
146 7 0 0 0 0 0 2 0 0
152 9 1 1 2 0 0 3 0 0
160 11 0 0 0 0 0 9 0 0
161 9 2 2 0 0 0 0 0 0
178 14 0 0 1 0 0 1 0 0
179 2 0 0 1 0 0 0 0 0
182 3 0 0 0 0 0 2 0 0
188 2 1 1 0 0 0 2 0 0
189 1 0 0 0 0 0 1 0 0
201 2 0 0 1 0 0 1 0 0
202 2 0 0 0 0 0 1 0 0
203 1 1 1 0 0 0 1 0 0
204 2 0 0 0 0 0 2 0 0
209 9 1 1 0 0 0 8 0 0
210 4 0 0 0 0 0 0 0 0
213 7 0 0 0 0 0 7 0 0
217 14 1 1 7 1 0 0 0 0
218 46 2 2 20 1 1 0 0 0
220 5 0 0 0 0 0 0 0 0
222 20 1 1 10 0 0 5 0 0
224 30 1 1 2 0 0 6 0 0
229 22 0 0 11 1 0 0 0 0
231 15 0 0 10 0 0 5 0 0
236 5 1 1 0 0 0 5 0 0
237 5 0 0 0 0 0 5 0 0
238 10 0 0 5 0 0 5 0 0
239 10 0 0 5 0 0 5 0 0
242 572 0 0 148 2 0 0 0 0
243 266 1 1 0 0 0 0 0 0
249 70 1 1 20 0 0 10 1 1
251 10 0 0 0 0 0 10 0 0
254 60 0 0 40 0 0 10 0 0
256 30 0 0 10 0 0 0 0 0
271 10 1 1 10 0 0 0 0 0
273 20 0 0 10 0 0 0 0 0
278 15 0 0 0 0 0 0 0 0
281 5 0 0 0 0 0 5 1 1
282 5 0 0 0 0 0 5 0 0
283 5 0 0 0 0 0 5 0 0
284 10 1 1 5 0 0 5 0 0
286 5 0 0 5 0 0 0 0 0
288 30 0 0 5 0 0 10 0 0
292 30 0 0 10 0 0 0 0 0
293 24 0 0 0 0 0 8 0 0
295 369 0 0 0 0 0 0 0 0
317 9 0 0 0 0 0 4 0 0
338 12 1 1 0 0 0 6 0 0
459 21 1 1 7 0 0 0 0 0
461 15 1 1 0 0 0 5 1 1
463 20 0 0 0 0 0 5 0 0
465 10 0 0 0 0 0 0 0 0
468 5 0 0 0 0 0 5 0 0
469 25 0 0 5 0 0 5 0 0
470 25 0 0 0 0 0 5 0 0
473 5 0 0 0 0 0 5 0 0
474 5 0 0 5 0 0 0 0 0
478 40 1 1 20 0 0 0 0 0
480 7 1 1 7 0 0 0 0 0
481 33 1 1 7 0 0 0 0 0
485 6 1 1 2 0 0 0 0 0
486 1 0 0 0 0 0 1 0 0
489 5 1 1 2 0 0 1 0 0
499 5 1 1 1 0 0 1 0 0
502 2 0 0 0 0 0 0 0 0
507 9 1 1 3 0 0 1 0 0
508 9 0 0 7 0 0 1 0 0
510 21 0 0 7 0 0 0 0 0
516 21 0 0 0 0 0 7 2 2
520 21 0 0 21 0 0 0 0 0
523 3 1 1 1 0 0 1 0 0
574 3 0 0 2 0 0 0 0 0
575 1 1 1 0 0 0 1 0 0
576 3 0 0 1 0 0 0 0 0
611 8 1 1 1 0 0 2 0 0
613 2 0 0 0 0 0 0 0 0
614 1 0 0 0 0 0 1 0 0
617 16 0 0 0 0 0 1 0 0
618 5 1 1 0 0 0 0 0 0
619 5 1 1 1 0 0 1 0 0
623 32 1 1 8 0 0 16 0 0
624 16 0 0 8 0 0 0 0 0
630 61 0 0 8 0 0 0 0 0
632 68 0 0 34 0 0 0 0 0
633 46 0 0 0 0 0 0 0 0
635 117 1 1 39 0 0 0 0 0
636 87 0 0 0 0 0 0 0 0
640 20 1 1 0 0 0 12 0 0
642 2 0 0 0 0 0 2 0 0
644 18 0 0 12 0 0 0 0 0
651 14 1 1 0 0 0 8 0 0
653 8 0 0 6 0 0 2 0 0
655 8 1 1 5 0 0 0 0 0
658 15 1 1 0 0 0 0 0 0
661 22 0 0 6 0 0 0 0 0
664 70 1 1 15 0 0 15 0 0
671 2 0 0 1 0 0 1 0 0
673 2 0 0 1 0 0 1 0 0
674 1 0 0 1 0 0 0 0 0
675 3 0 0 1 0 0 0 0 0
682 3 1 1 1 0 0 0 0 0
685 3 0 0 1 0 0 0 0 0
688 8 0 0 7 0 0 0 0 0
fn=openaux
60 20 1 1 0 0 0 10 0 0
63 120 0 0 50 0 0 20 0 0
67 10 0 0 10 0 0 0 0 0
68 20 0 0 20 0 0 0 0 0
fl=/build/glibc-LK5gWL/glibc-2.23/elf/dl-environ.c
fn=_dl_next_ld_env_entry
30 3 1 1 3 0 0 0 0 0
31 1 1 1 0 0 0 0 0 0
33 265 0 0 88 0 0 0 0 0
35 174 0 0 87 41 41 0 0 0
36 38 0 0 19 0 0 0 0 0
38 2 0 0 0 0 0 0 0 0
41 4 0 0 0 0 0 2 0 0
43 2 0 0 2 0 0 0 0 0
46 85 0 0 0 0 0 0 0 0
50 1 0 0 1 0 0 0 0 0
fl=/build/glibc-LK5gWL/glibc-2.23/elf/dl-error.c
fn=_dl_catch_error
163 44 1 1 0 0 0 33 0 0
175 22 0 0 0 0 0 22 4 4
176 22 0 0 0 0 0 22 0 0
177 22 0 0 0 0 0 22 0 0
178 22 0 0 0 0 0 11 0 0
180 11 0 0 11 0 0 11 2 2
181 22 0 0 11 0 0 11 0 0
182 33 1 1 0 0 0 22 0 0
185 66 0 0 0 0 0 11 0 0
187 33 0 0 22 0 0 11 0 0
188 33 0 0 22 0 0 11 0 0
189 22 0 0 11 0 0 11 0 0
190 22 1 1 11 0 0 11 0 0
191 22 0 0 11 0 0 11 0 0
199 44 0 0 22 0 0 0 0 0
fn=_dl_receive_error
205 10 1 1 0 0 0 6 0 0
206 2 0 0 1 0 0 1 0 0
210 1 0 0 1 0 0 0 0 0
211 1 0 0 1 0 0 0 0 0
214 1 0 0 0 0 0 1 0 0
215 1 1 1 0 0 0 1 0 0
217 2 0 0 0 0 0 1 0 0
219 1 0 0 0 0 0 1 0 0
220 1 0 0 0 0 0 1 0 0
221 8 0 0 7 0 0 0 0 0
fl=/build/glibc-LK5gWL/glibc-2.23/elf/dl-hwcaps.c
fn=_dl_important_hwcaps
39 12 2 2 0 0 0 10 2 2
41 1 0 0 1 0 0 0 0 0
42 3 0 0 0 0 0 0 0 0
51 3 0 0 1 0 0 0 0 0
61 4 1 1 1 0 0 1 0 0
113 1 1 1 0 0 0 0 0 0
115 5 1 1 0 0 0 1 0 0
130 10 1 1 0 0 0 1 0 0
131 1 0 0 0 0 0 0 0 0
162 2 1 1 0 0 0 0 0 0
170 3 1 1 1 0 0 0 0 0
172 2 0 0 1 0 0 1 0 0
173 5 1 1 1 0 0 1 0 0
177 3 0 0 1 0 0 1 0 0
178 1 0 0 0 0 0 1 0 0
181 2 0 0 0 0 0 0 0 0
184 2 0 0 0 0 0 0 0 0
185 1 0 0 1 0 0 0 0 0
188 12 0 0 2 0 0 2 0 0
189 2 1 1 0 0 0 0 0 0
207 11 2 2 2 0 0 5 0 0
208 6 0 0 0 0 0 3 0 0
209 6 0 0 4 0 0 0 0 0
238 3 0 0 0 0 0 2 1 1
241 2 1 1 0 0 0 0 0 0
243 10 1 1 3 0 0 4 0 0
244 20 1 1 5 0 0 5 0 0
264 7 1 1 2 0 0 0 0 0
269 10 0 0 2 0 0 0 0 0
270 8 0 0 0 0 0 4 0 0
274 11 1 1 0 0 0 0 0 0
277 26 0 0 0 0 0 0 0 0
278 24 1 1 0 0 0 0 0 0
279 12 0 0 8 0 0 0 0 0
281 4 0 0 0 0 0 0 0 0
284 3 0 0 1 0 0 0 0 0
285 2 0 0 1 0 0 0 0 0
286 12 1 1 3 0 0 0 0 0
299 6 0 0 2 0 0 2 0 0
300 2 0 0 0 0 0 0 0 0
302 4 0 0 0 0 0 0 0 0
305 4 0 0 3 0 0 1 0 0
307 1 0 0 0 0 0 0 0 0
308 10 1 1 7 0 0 1 0 0
fl=/build/glibc-LK5gWL/glibc-2.23/elf/dl-init.c
fn=_dl_init
30 46 1 1 8 2 0 6 0 0
80 11 1 1 0 0 0 6 0 0
81 1 0 0 1 1 0 0 0 0
82 1 0 0 1 0 0 0 0 0
85 3 1 1 1 0 0 0 0 0
88 2 1 1 0 0 0 1 0 0
93 2 0 0 0 0 0 0 0 0
94 2 0 0 1 0 0 0 0 0
104 2 1 1 0 0 0 1 0 0
119 24 0 0 0 0 0 0 0 0
120 21 0 0 14 3 0 0 0 0
126 8 0 0 7 1 0 0 0 0
fn=call_init.part.0
28 35 0 0 0 0 0 35 0 0
36 21 0 0 7 0 0 7 0 0
39 28 1 1 14 6 0 0 0 0
40 3 1 1 0 0 0 0 0 0
44 42 0 0 6 3 0 0 0 0
45 3 0 0 1 0 0 0 0 0
49 10 0 0 5 0 0 0 0 0
58 35 1 1 15 9 0 5 0 0
62 10 0 0 0 0 0 0 0 0
68 15 0 0 10 3 0 0 0 0
70 10 0 0 10 1 0 0 0 0
71 61 0 0 0 0 0 0 0 0
72 90 1 1 18 5 0 18 0 0
74 42 0 0 42 0 0 0 0 0
fl=/build/glibc-LK5gWL/glibc-2.23/elf/dl-load.c
fn=_dl_init_paths
689 9 2 2 0 0 0 7 0 0
702 6 0 0 2 0 0 2 0 0
706 1 0 0 0 0 0 1 0 0
707 2 0 0 0 0 0 1 0 0
708 3 0 0 0 0 0 0 0 0
715 4 0 0 0 0 0 0 0 0
716 4 1 1 1 0 0 2 0 0
719 5 0 0 0 0 0 2 0 0
721 2 0 0 0 0 0 0 0 0
727 2 1 1 0 0 0 1 0 0
728 1 0 0 0 0 0 1 0 0
736 3 0 0 0 0 0 3 0 0
738 9 1 1 0 0 0 4 0 0
739 4 0 0 0 0 0 4 3 3
741 8 0 0 0 0 0 4 1 1
742 10 0 0 3 1 1 4 0 0
743 12 0 0 0 0 0 3 0 0
746 6 1 1 3 1 1 0 0 0
747 25 0 0 8 0 0 4 0 0
750 35 1 1 4 0 0 6 0 0
756 1 1 1 0 0 0 1 1 1
757 1 0 0 0 0 0 1 0 0
761 1 0 0 1 0 0 0 0 0
762 2 0 0 0 0 0 0 0 0
764 4 0 0 1 0 0 0 0 0
766 3 0 0 1 0 0 0 0 0
783 1 0 0 0 0 0 1 0 0
785 3 1 1 1 0 0 0 0 0
799 2 1 1 0 0 0 1 0 0
804 5 2 2 2 0 0 0 0 0
810 5 0 0 0 0 0 1 0 0
812 12 1 1 1 0 0 2 0 0
829 358 1 1 40 0 0 0 0 0
833 1 0 0 0 0 0 1 0 0
834 1 0 0 0 0 0 1 0 0
835 2 0 0 0 0 0 0 0 0
841 9 1 1 1 0 0 2 0 0
845 5 0 0 4 0 0 0 0 0
851 1 0 0 0 0 0 1 0 0
855 8 0 0 7 0 0 0 0 0
fn=_dl_map_object
383 5 0 0 0 0 0 1 0 0
387 2 0 0 0 0 0 1 0 0
666 42 1 1 14 0 0 0 0 0
669 4 0 0 0 0 0 0 0 0
672 6 0 0 2 0 0 0 0 0
675 4 2 2 0 0 0 2 0 0
2189 99 1 1 0 0 0 88 7 7
2191 5 0 0 0 0 0 5 0 0
2197 22 1 1 0 0 0 0 0 0
2198 44 0 0 11 0 0 0 0 0
2201 193 0 0 46 0 0 0 0 0
2206 287 1 1 41 0 0 0 0 0
2208 205 0 0 0 0 0 41 1 1
2212 70 0 0 35 0 0 0 0 0
2213 105 1 1 35 0 0 0 0 0
2216 17 0 0 17 0 0 0 0 0
2218 102 0 0 34 0 0 17 0 0
2235 25 2 2 10 0 0 5 0 0
2244 15 1 1 5 0 0 0 0 0
2278 5 0 0 0 0 0 5 0 0
2280 25 0 0 0 0 0 5 0 0
2284 16 1 1 0 0 0 8 0 0
2286 8 1 1 4 0 0 0 0 0
2293 16 0 0 4 0 0 0 0 0
2297 8 1 1 4 0 0 4 0 0
2302 30 1 1 6 0 0 4 0 0
2303 6 0 0 0 0 0 0 0 0
2305 36 0 0 0 0 0 12 0 0
2317 12 1 1 8 0 0 0 0 0
2318 32 1 1 8 0 0 4 0 0
2319 4 0 0 0 0 0 0 0 0
2328 8 0 0 4 0 0 0 0 0
2329 60 1 1 4 0 0 16 0 0
2335 20 1 1 4 0 0 0 0 0
2336 4 0 0 0 0 0 0 0 0
2344 4 0 0 0 0 0 4 1 1
2358 8 1 1 0 0 0 0 0 0
2360 12 0 0 4 0 0 0 0 0
2364 12 0 0 0 0 0 8 0 0
2366 8 0 0 0 0 0 0 0 0
2370 8 0 0 0 0 0 0 0 0
2378 12 1 1 4 0 0 0 0 0
2401 44 0 0 4 0 0 8 0 0
2405 16 0 0 8 0 0 0 0 0
2406 8 1 1 0 0 0 4 0 0
2423 8 1 1 4 0 0 0 0 0
2429 1 0 0 0 0 0 1 1 1
2431 2 1 1 0 0 0 0 0 0
2432 3 0 0 0 0 0 0 0 0
2436 10 1 1 0 0 0 2 0 0
2439 4 0 0 2 0 0 0 0 0
2451 15 1 1 0 0 0 0 0 0
2453 16 0 0 0 0 0 0 0 0
2497 10 0 0 5 0 0 5 0 0
2498 82 1 1 15 0 0 25 0 0
2500 88 0 0 77 0 0 0 0 0
fn=_dl_map_object_from_fd
893 75 2 2 0 0 0 55 2 2
903 20 0 0 5 0 0 10 1 1
904 5 0 0 0 0 0 5 0 0
919 100 1 1 35 0 0 0 0 0
920 40 0 0 20 0 0 0 0 0
937 10 1 1 5 0 0 0 0 0
961 10 0 0 5 0 0 0 0 0
971 10 1 1 5 0 0 0 0 0
993 20 0 0 10 0 0 0 0 0
1025 10 0 0 0 0 0 0 0 0
1028 40 1 1 25 0 0 5 0 0
1029 10 0 0 0 0 0 0 0 0
1040 15 0 0 10 0 0 5 3 3
1041 20 0 0 10 0 0 10 0 0
1042 10 0 0 5 0 0 5 0 0
1044 20 1 1 0 0 0 0 0 0
1045 20 0 0 10 0 0 0 0 0
1046 5 0 0 0 0 0 0 0 0
1063 5 0 0 0 0 0 5 0 0
1065 50 1 1 0 0 0 10 0 0
1073 327 0 0 0 0 0 0 0 0
1074 296 2 2 39 0 0 0 0 0
1080 10 0 0 5 0 0 5 0 0
1081 15 0 0 5 0 0 5 0 0
1082 5 0 0 0 0 0 0 0 0
1085 2 0 0 1 0 0 1 0 0
1086 1 0 0 0 0 0 0 0 0
1091 50 2 2 20 0 0 0 0 0
1096 80 0 0 20 0 0 0 0 0
1104 40 0 0 0 0 0 0 0 0
1105 40 0 0 0 0 0 10 5 5
1106 50 1 1 10 0 0 10 0 0
1107 10 0 0 0 0 0 10 1 1
1108 20 0 0 10 0 0 10 0 0
1109 20 0 0 0 0 0 10 2 2
1113 20 0 0 0 0 0 0 0 0
1114 30 0 0 15 0 0 5 0 0
1118 90 1 1 10 0 0 10 0 0
1129 10 0 0 0 0 0 0 0 0
1132 6 1 1 2 0 0 0 0 0
1136 2 0 0 0 0 0 2 2 2
1137 6 0 0 4 0 0 2 0 0
1138 4 0 0 0 0 0 0 0 0
1141 6 1 1 0 0 0 2 0 0
1142 4 0 0 2 0 0 2 0 0
1145 2 0 0 0 0 0 2 0 0
1149 8 0 0 2 0 0 0 0 0
1155 6 0 0 2 0 0 4 0 0
1156 2 0 0 0 0 0 0 0 0
1160 40 1 1 5 0 0 15 0 0
1168 10 0 0 0 0 0 5 0 0
1211 10 1 1 5 0 0 5 0 0
1212 5 0 0 0 0 0 0 0 0
1215 10 0 0 5 0 0 5 2 2
1216 15 0 0 10 0 0 5 0 0
1217 5 0 0 0 0 0 0 0 0
1220 15 1 1 5 0 0 0 0 0
1229 10 0 0 0 0 0 0 0 0
1239 45 0 0 20 0 0 5 0 0
1251 20 1 1 10 0 0 0 0 0
1255 8 2 2 4 0 0 0 0 0
1260 15 1 1 5 0 0 5 0 0
1267 10 0 0 0 0 0 0 0 0
1282 15 1 1 5 0 0 0 0 0
1301 10 0 0 5 0 0 5 0 0
1303 25 1 1 10 0 0 0 0 0
1357 15 0 0 5 3 3 0 0 0
1358 4 0 0 2 0 0 2 0 0
1361 20 0 0 5 0 0 5 0 0
1370 10 0 0 5 0 0 0 0 0
1372 20 1 1 10 0 0 5 0 0
1374 10 0 0 5 0 0 0 0 0
1390 10 0 0 0 0 0 5 0 0
1394 10 0 0 5 0 0 0 0 0
1395 10 0 0 5 0 0 0 0 0
1412 10 1 1 5 0 0 0 0 0
1413 2 0 0 0 0 0 1 0 0
1416 15 1 1 5 0 0 10 0 0
1421 10 0 0 5 0 0 0 0 0
1431 10 0 0 5 0 0 0 0 0
1441 15 0 0 5 0 0 5 0 0
1445 20 0 0 5 0 0 0 0 0
1465 40 0 0 35 0 0 0 0 0
fn=fillin_rpath
383 10 2 2 0 0 0 2 0 0
387 6 0 0 0 0 0 2 0 0
444 16 2 2 0 0 0 12 0 0
446 1 0 0 0 0 0 0 0 0
448 18 1 1 6 0 0 3 0 0
455 4 0 0 2 0 0 0 0 0
461 4 0 0 0 0 0 0 0 0
466 4 0 0 0 0 0 2 0 0
467 4 0 0 0 0 0 0 0 0
474 16 2 2 2 0 0 0 0 0
479 6 0 0 0 0 0 2 0 0
483 6 1 1 2 0 0 0 0 0
490 33 0 0 11 0 0 0 0 0
491 18 0 0 9 0 0 0 0 0
509 8 2 2 2 0 0 2 0 0
512 10 1 1 2 0 0 4 0 0
513 4 0 0 2 0 0 0 0 0
515 6 0 0 2 0 0 0 0 0
519 2 0 0 0 0 0 2 0 0
520 2 0 0 0 0 0 0 0 0
521 8 0 0 0 0 0 4 0 0
522 2 1 1 0 0 0 2 0 0
524 4 0 0 2 0 0 0 0 0
530 8 0 0 2 0 0 0 0 0
531 36 1 1 2 0 0 0 0 0
532 22 1 1 0 0 0 8 0 0
534 4 1 1 2 0 0 2 0 0
535 6 0 0 2 0 0 0 0 0
540 4 1 1 0 0 0 2 0 0
542 6 0 0 2 0 0 2 0 0
543 2 0 0 0 0 0 2 0 0
546 4 1 1 0 0 0 2 0 0
548 6 0 0 0 0 0 2 0 0
552 1 0 0 0 0 0 1 0 0
555 9 0 0 7 0 0 0 0 0
fn=open_path
2040 32 1 1 0 0 0 24 0 0
2041 8 0 0 4 0 0 4 1 1
2044 4 1 1 0 0 0 4 0 0
2045 4 0 0 0 0 0 4 0 0
2047 8 0 0 0 0 0 0 0 0
2052 68 1 1 8 0 0 28 1 1
2055 8 0 0 8 0 0 0 0 0
2064 16 0 0 8 0 0 0 0 0
2071 40 0 0 16 0 0 16 2 2
2072 174 1 1 14 0 0 0 0 0
2075 64 1 1 32 0 0 0 0 0
2078 28 0 0 0 0 0 0 0 0
2079 112 1 1 70 0 0 28 0 0
2080 56 0 0 14 0 0 0 0 0
2085 28 1 1 14 0 0 0 0 0
2086 6 1 1 0 0 0 0 0 0
2088 140 0 0 70 0 0 28 1 1
2090 70 0 0 42 0 0 0 0 0
2092 16 0 0 0 0 0 0 0 0
2097 16 1 1 8 0 0 0 0 0
2098 72 0 0 32 0 0 0 0 0
2104 32 1 1 8 0 0 12 0 0
2106 48 0 0 8 0 0 8 0 0
2107 4 0 0 2 1 1 0 0 0
2109 34 1 1 0 0 0 8 0 0
2116 48 1 1 8 0 0 0 0 0
2118 12 0 0 0 0 0 0 0 0
2126 16 1 1 4 0 0 4 0 0
2154 4 0 0 0 0 0 0 0 0
2157 56 2 2 8 0 0 0 0 0
2162 8 0 0 8 0 0 0 0 0
2164 32 0 0 24 0 0 0 0 0
2167 12 0 0 4 0 0 0 0 0
2181 32 0 0 28 0 0 0 0 0
fn=open_verify.constprop.7
1717 266 1 1 19 0 0 171 4 4
1756 93 0 0 19 0 0 0 0 0
1787 95 1 1 0 0 0 38 0 0
1789 43 0 0 0 0 0 0 0 0
1799 5 1 1 0 0 0 5 0 0
1800 10 0 0 0 0 0 5 0 0
1805 40 0 0 10 0 0 10 0 0
1807 10 0 0 0 0 0 0 0 0
1809 15 1 1 5 0 0 5 0 0
1811 10 0 0 0 0 0 0 0 0
1817 10 0 0 0 0 0 0 0 0
1826 6 1 1 3 0 0 0 0 0
1833 93 3 3 13 0 0 13 0 0
1907 10 0 0 5 0 0 0 0 0
1912 10 0 0 5 0 0 0 0 0
1914 20 0 0 5 0 0 0 0 0
1920 10 1 1 0 0 0 0 0 0
1931 10 0 0 5 2 2 0 0 0
1937 30 0 0 5 0 0 0 0 0
1938 20 0 0 5 0 0 0 0 0
1939 15 1 1 5 0 0 5 0 0
1959 270 1 1 35 0 0 0 0 0
1961 89 1 1 42 11 11 0 0 0
1965 20 0 0 10 0 0 0 0 0
1966 15 0 0 5 0 0 0 0 0
1975 42 1 1 0 0 0 7 0 0
1978 35 0 0 10 0 0 0 0 0
1982 15 0 0 0 0 0 0 0 0
1987 2 0 0 0 0 0 0 0 0
1988 2 0 0 0 0 0 0 0 0
1991 4 0 0 0 0 0 0 0 0
1994 14 0 0 6 0 0 0 0 0
1997 6 0 0 2 0 0 0 0 0
1998 10 0 0 2 0 0 0 0 0
2003 14 0 0 0 0 0 0 0 0
2026 152 2 2 133 0 0 0 0 0
fl=/build/glibc-LK5gWL/glibc-2.23/elf/dl-lookup.c
fn=_dl_lookup_symbol_x
568 386668 1 1 94530 1888 1610 2137 0 0
569 369572 0 0 0 0 0 0 0 0
806 32055 2 2 2137 0 0 19233 12 0
808 4274 0 0 0 0 0 2137 0 0
809 4274 0 0 0 0 0 4274 0 0
812 2137 0 0 2137 5 0 0 0 0
816 8510 0 0 2118 0 0 0 0 0
820 14959 1 1 4274 0 0 6411 0 0
821 4274 0 0 0 0 0 0 0 0
823 4274 1 1 4274 6 0 0 0 0
827 6501 0 0 18 0 0 0 0 0
829 29918 1 1 14959 0 0 14959 5 0
832 6411 0 0 0 0 0 0 0 0
835 18 0 0 0 0 0 0 0 0
858 4274 0 0 2137 0 0 0 0 0
860 126 1 1 36 0 0 0 0 0
876 18 0 0 0 0 0 18 0 0
877 36 0 0 0 0 0 0 0 0
880 2119 0 0 2119 0 0 0 0 0
881 14833 1 1 4238 0 0 0 0 0
912 2119 0 0 0 0 0 0 0 0
921 10595 0 0 2119 0 0 0 0 0
935 6357 0 0 2119 13 0 0 0 0
936 2 1 1 0 0 0 1 0 0
938 8476 1 1 4238 0 0 0 0 0
943 2119 0 0 0 0 0 2119 0 0
945 17096 0 0 14959 0 0 0 0 0
fn=_dl_setup_hash
956 21 1 1 7 0 0 0 0 0
960 7 0 0 7 0 0 0 0 0
964 14 0 0 7 7 7 7 0 0
965 7 0 0 7 0 0 0 0 0
966 7 0 0 7 1 1 0 0 0
968 21 0 0 0 0 0 0 0 0
969 7 0 0 0 0 0 7 0 0
970 21 1 1 7 0 0 7 0 0
972 7 0 0 0 0 0 7 0 0
973 14 0 0 0 0 0 0 0 0
975 7 0 0 0 0 0 7 0 0
977 21 0 0 0 0 0 7 0 0
978 7 0 0 7 0 0 0 0 0
fn=check_match
92 16952 1 1 4238 30 8 8476 9 0
95 14833 1 1 4238 206 152 0 0 0
107 12714 0 0 2119 0 0 2119 14 0
110 8704 0 0 76 0 0 38 0 0
114 2119 0 0 2119 6 0 0 0 0
115 4238 1 1 0 0 0 0 0 0
117 4236 0 0 0 0 0 0 0 0
136 4236 0 0 4236 24 4 0 0 0
137 16944 1 1 6354 15 0 0 0 0
138 12696 1 1 4232 4 0 2116 0 0
139 10 0 0 2 0 0 0 0 0
140 4 0 0 0 0 0 0 0 0
165 2 0 0 0 0 0 0 0 0
167 6 0 0 2 1 0 0 0 0
168 4 1 1 0 0 0 0 0 0
176 2119 0 0 0 0 0 0 0 0
183 12714 0 0 10595 0 0 0 0 0
fn=do_lookup_x
191 690 0 0 82 0 0 0 0 0
192 1212 1 1 82 0 0 0 0 0
193 500 1 1 250 58 58 0 0 0
195 196 0 0 0 0 0 0 0 0
196 196 0 0 0 0 0 0 0 0
197 528 1 1 0 0 0 0 0 0
200 152 0 0 0 0 0 152 0 0
201 152 0 0 0 0 0 152 0 0
202 234 0 0 82 0 0 152 0 0
203 244 1 1 0 0 0 152 0 0
220 488 1 1 244 0 0 244 0 0
222 854 0 0 122 2 0 244 0 0
224 488 0 0 122 2 1 122 0 0
225 122 0 0 122 0 0 0 0 0
226 244 1 1 0 0 0 0 0 0
228 605 0 0 0 0 0 121 0 0
229 1947 1 1 0 0 0 242 0 0
232 759 1 1 253 83 43 0 0 0
233 280 0 0 160 0 0 40 0 0
235 80 0 0 0 0 0 0 0 0
245 40 0 0 40 0 0 0 0 0
246 80 0 0 80 0 0 0 0 0
248 160 1 1 80 0 0 120 0 0
252 558 0 0 213 0 0 0 0 0
256 462 0 0 0 0 0 0 0 0
257 264 1 1 0 0 0 0 0 0
260 972 0 0 324 0 0 0 0 0
267 10 0 0 0 0 0 2 0 0
268 8 1 1 0 0 0 2 0 0
270 6 0 0 0 0 0 0 0 0
277 204 0 0 4 0 0 4 0 0
278 276 1 1 92 12 2 0 0 0
279 280 0 0 210 0 0 0 0 0
283 14 1 1 6 0 0 2 0 0
284 2 0 0 0 0 0 2 0 0
286 2 0 0 0 0 0 2 0 0
287 6 0 0 2 1 0 4 0 0
303 2 0 0 0 0 0 0 0 0
311 4479 0 0 0 0 0 0 0 0
312 4 0 0 0 0 0 2 0 0
313 2 1 1 0 0 0 0 0 0
316 1 0 0 0 0 0 1 0 0
317 1 0 0 0 0 0 1 0 0
318 4 0 0 1 1 0 2 0 0
321 164 0 0 0 0 0 0 0 0
322 328 1 1 246 0 0 0 0 0
329 328 0 0 82 0 0 0 0 0
332 66 0 0 0 0 0 0 0 0
334 410 1 1 164 0 0 0 0 0
339 164 0 0 164 0 0 82 0 0
341 246 0 0 164 0 0 82 0 0
342 82 0 0 0 0 0 82 0 0
355 25644 2 2 2137 0 0 21370 22 0
356 2137 0 0 2137 5 0 0 0 0
362 2137 0 0 2137 0 0 0 0 0
366 13196 0 0 13196 39 0 0 0 0
369 13196 1 1 0 0 0 0 0 0
373 23887 0 0 2140 0 0 4274 0 0
377 13194 0 0 6597 28 0 0 0 0
381 13194 0 0 6597 2 0 0 0 0
387 19791 0 0 6597 18 0 0 0 0
391 6597 1 1 0 0 0 6597 0 0
392 6597 0 0 0 0 0 6597 0 0
395 19791 0 0 13194 60 0 6597 0 0
396 19791 0 0 13194 19 0 6597 0 0
399 6597 0 0 6597 0 0 0 0 0
400 13194 0 0 0 0 0 0 0 0
402 19791 1 1 19791 785 104 0 0 0
403 8548 1 1 0 0 0 2137 0 0
410 85389 0 0 21928 0 0 4274 0 0
413 13422 2 2 6711 1068 176 0 0 0
415 4474 0 0 0 0 0 0 0 0
417 28860 1 1 8880 0 0 11100 0 0
420 26890 0 0 5378 1600 426 0 0 0
422 8476 1 1 2119 0 0 0 0 0
423 31785 1 1 14833 0 0 12714 3 0
427 6357 0 0 0 0 0 0 0 0
430 9777 0 0 0 0 0 0 0 0
439 19071 2 2 10595 0 0 0 0 0
461 202 1 1 101 0 0 0 0 0
469 4238 1 1 2119 0 0 0 0 0
488 1122 0 0 187 0 0 0 0 0
519 10880 0 0 2119 0 0 0 0 0
523 4371 0 0 1457 3 0 0 0 0
535 3994 1 1 1997 0 0 1997 0 0
536 1997 0 0 0 0 0 1997 0 0
537 3994 0 0 0 0 0 0 0 0
542 244 0 0 0 0 0 0 0 0
553 35050 1 1 13176 3 0 0 0 0
554 460 0 0 0 0 0 92 0 0
555 707 2 2 505 0 0 0 0 0
557 13437 0 0 0 0 0 0 0 0
560 18 0 0 0 0 0 0 0 0
561 17096 1 1 14959 0 0 0 0 0
fl=/build/glibc-LK5gWL/glibc-2.23/elf/dl-minimal.c
fn=__libc_memalign
52 126 1 1 0 0 0 84 2 2
53 167 0 0 83 2 0 0 0 0
58 5 0 0 0 0 0 1 0 0
59 2 1 1 1 0 0 0 0 0
64 168 0 0 0 0 0 42 0 0
67 274 1 1 0 0 0 0 0 0
71 20 0 0 5 0 0 0 0 0
72 10 0 0 0 0 0 0 0 0
78 40 0 0 0 0 0 5 0 0
80 25 0 0 10 0 0 0 0 0
84 15 0 0 0 0 0 5 0 0
87 42 1 1 0 0 0 42 0 0
88 42 0 0 0 0 0 42 0 0
90 210 0 0 126 0 0 0 0 0
fn=calloc
103 17 1 1 0 0 0 0 0 0
107 17 0 0 0 0 0 0 0 0
111 85 0 0 0 0 0 0 0 0
114 17 0 0 0 0 0 0 0 0
fn=free
120 4 2 1 0 0 0 4 0 0
122 12 0 0 4 0 0 0 0 0
129 8 0 0 8 0 0 0 0 0
fn=malloc
94 41 0 0 0 0 0 0 0 0
95 82 0 0 0 0 0 0 0 0
fn=strsep
354 6 1 1 3 0 0 0 0 0
356 3 0 0 3 0 0 0 0 0
357 6 0 0 0 0 0 0 0 0
361 204 1 1 40 0 0 0 0 0
366 154 0 0 77 0 0 0 0 0
368 228 0 0 76 0 0 0 0 0
372 2 0 0 0 0 0 1 0 0
376 38 0 0 0 0 0 0 0 0
379 2 0 0 0 0 0 2 0 0
383 3 0 0 3 0 0 0 0 0
fl=/build/glibc-LK5gWL/glibc-2.23/elf/dl-misc.c
fn=_dl_higher_prime_number
344 2 1 1 0 0 0 0 0 0
345 2 0 0 0 0 0 0 0 0
347 25 1 1 3 0 0 0 0 0
349 80 0 0 0 0 0 0 0 0
350 37 0 0 10 4 2 0 0 0
351 3 0 0 0 0 0 0 0 0
fn=_dl_name_match_p
288 910 1 1 0 0 0 364 4 0
289 728 0 0 182 4 0 182 2 2
290 198 0 0 0 0 0 0 0 0
292 182 0 0 182 0 0 0 0 0
294 726 0 0 0 0 0 0 0 0
295 985 1 1 197 16 0 197 0 0
298 181 0 0 181 0 0 0 0 0
300 166 0 0 0 0 0 0 0 0
301 910 0 0 546 0 0 0 0 0
fn=_dl_sysdep_read_whole_file
45 8 1 1 0 0 0 4 0 0
52 3 0 0 0 0 0 1 0 0
53 2 0 0 0 0 0 0 0 0
55 7 0 0 0 0 0 1 0 0
57 2 1 1 1 0 0 1 0 0
60 2 0 0 0 0 0 0 0 0
62 8 1 1 0 0 0 1 0 0
73 2 0 0 0 0 0 1 0 0
76 7 0 0 5 0 0 0 0 0
fl=/build/glibc-LK5gWL/glibc-2.23/elf/dl-object.c
fn=_dl_add_to_namespace_list
32 30 1 1 0 0 0 18 0 0
34 18 0 0 6 0 0 6 0 0
36 52 0 0 6 0 0 0 0 0
39 60 0 0 20 0 0 0 0 0
41 5 0 0 0 0 0 5 0 0
43 5 0 0 0 0 0 5 0 0
46 2 0 0 0 0 0 1 0 0
47 18 1 1 6 0 0 0 0 0
48 12 0 0 6 0 0 6 0 0
49 12 0 0 0 0 0 6 0 0
51 12 0 0 6 0 0 0 0 0
52 18 0 0 18 0 0 0 0 0
fn=_dl_new_object
61 84 1 1 0 0 0 60 2 2
62 18 0 0 0 0 0 6 1 1
68 78 3 3 12 0 0 0 0 0
75 30 0 0 0 0 0 12 0 0
78 12 1 1 0 0 0 0 0 0
81 6 0 0 0 0 0 6 4 4
82 12 0 0 0 0 0 6 6 6
85 12 0 0 0 0 0 6 2 2
87 30 0 0 12 0 0 12 2 2
89 6 1 1 0 0 0 6 0 0
97 36 0 0 12 0 0 6 1 1
98 36 0 0 12 6 6 6 0 0
101 12 0 0 6 0 0 0 0 0
102 17 0 0 5 0 0 6 6 6
103 6 1 1 0 0 0 6 1 1
107 6 0 0 0 0 0 6 0 0
110 50 0 0 0 0 0 0 0 0
112 32 0 0 0 0 0 16 4 4
122 12 0 0 0 0 0 6 1 1
123 6 1 1 0 0 0 6 6 6
128 36 0 0 6 1 1 0 0 0
130 22 0 0 0 0 0 5 2 2
133 14 1 1 0 0 0 0 0 0
137 21 0 0 7 0 0 0 0 0
141 30 1 1 0 0 0 0 0 0
143 5 1 1 1 0 0 0 0 0
149 1 0 0 0 0 0 1 0 0
152 12 1 1 0 0 0 6 0 0
155 18 0 0 0 0 0 6 0 0
157 35 0 0 5 0 0 10 0 0
161 20 0 0 5 0 0 0 0 0
165 15 0 0 0 0 0 5 0 0
166 20 0 0 0 0 0 0 0 0
168 1 1 1 0 0 0 0 0 0
211 99 1 1 10 0 0 5 0 0
216 84 0 0 0 0 0 0 0 0
217 178 0 0 84 0 0 0 0 0
222 10 0 0 0 0 0 5 0 0
225 10 0 0 0 0 0 5 1 1
229 48 0 0 42 0 0 0 0 0
fl=/build/glibc-LK5gWL/glibc-2.23/elf/dl-open.c
fn=_dl_find_dso_for_object
182 5 1 1 1 0 0 0 0 0
183 13 1 1 4 0 0 0 0 0
184 16 1 1 8 1 0 0 0 0
185 2 0 0 1 0 0 0 0 0
188 2 0 0 1 0 0 0 0 0
192 1 0 0 1 0 0 0 0 0
fl=/build/glibc-LK5gWL/glibc-2.23/elf/dl-profstub.c
fn=_dl_mcount_wrapper_check
38 384 2 2 256 0 0 0 0 0
39 128 0 0 128 0 0 0 0 0
fl=/build/glibc-LK5gWL/glibc-2.23/elf/dl-reloc.c
fn=_dl_relocate_object
149 84 2 2 0 0 0 56 0 0
156 7 0 0 0 0 0 7 0 0
159 14 0 0 0 0 0 0 0 0
160 42 1 1 0 0 0 21 0 0
164 14 0 0 0 0 0 0 0 0
165 42 0 0 7 3 0 7 0 0
171 14 1 1 7 0 0 0 0 0
177 21 0 0 7 0 0 0 0 0
178 14 1 1 7 6 0 0 0 0
181 14 0 0 7 0 0 0 0 0
188 14 0 0 7 1 0 0 0 0
232 21 1 1 14 1 0 7 0 0
258 336 5 5 104 28 0 95 1 0
261 28 1 1 7 1 0 0 0 0
285 7 0 0 7 1 0 0 0 0
288 14 0 0 7 0 0 0 0 0
305 21 0 0 7 5 0 0 0 0
307 56 0 0 49 2 0 0 0 0
313 49 1 1 21 1 0 7 0 0
316 14 0 0 0 0 0 0 0 0
320 14 1 1 0 0 0 0 0 0
321 49 0 0 7 0 0 7 0 0
fl=/build/glibc-LK5gWL/glibc-2.23/elf/dl-tls.c
fn=_dl_add_to_slotinfo
890 8 1 1 0 0 0 6 0 0
896 4 0 0 2 0 0 0 0 0
899 2 0 0 2 2 0 0 0 0
904 10 0 0 2 2 0 0 0 0
945 2 1 1 0 0 0 2 2 0
946 6 0 0 2 2 0 2 0 0
947 8 0 0 8 0 0 0 0 0
fn=_dl_allocate_tls_init
449 7 0 0 0 0 0 6 0 0
450 2 1 1 0 0 0 0 0 0
454 2 0 0 1 1 0 1 0 0
456 1 0 0 0 0 0 1 0 0
457 3 0 0 1 0 0 0 0 0
460 4 1 1 2 1 0 1 0 0
472 1 0 0 1 0 0 0 0 0
477 12 2 2 1 0 0 0 0 0
483 20 0 0 2 0 0 1 0 0
486 2 1 1 2 0 0 0 0 0
487 4 0 0 0 0 0 0 0 0
493 6 0 0 4 0 0 0 0 0
494 4 0 0 0 0 0 0 0 0
496 10 1 1 4 1 0 2 0 0
497 2 0 0 0 0 0 2 0 0
499 6 0 0 0 0 0 0 0 0
500 2 0 0 2 0 0 0 0 0
503 4 0 0 0 0 0 0 0 0
504 8 0 0 4 0 0 0 0 0
506 4 1 1 0 0 0 0 0 0
515 24 0 0 8 0 0 4 0 0
529 2 1 1 1 0 0 1 0 0
531 1 0 0 1 0 0 0 0 0
532 8 0 0 7 0 0 0 0 0
fn=_dl_allocate_tls_storage
321 2 0 0 1 0 0 0 0 0
322 3 0 0 0 0 0 1 0 0
323 2 0 0 0 0 0 0 0 0
326 1 0 0 0 0 0 1 1 1
332 2 0 0 0 0 0 1 0 0
354 3 1 1 0 0 0 3 0 0
356 1 0 0 1 0 0 0 0 0
367 3 1 1 1 0 0 1 0 0
368 2 0 0 0 0 0 0 0 0
375 2 0 0 0 0 0 0 0 0
379 297 1 1 0 0 0 289 36 36
396 5 0 0 4 0 0 0 0 0
fn=_dl_count_modids
115 2 1 1 1 0 0 0 0 0
116 2 1 1 2 0 0 0 0 0
fn=_dl_determine_tlsoffset
138 7 1 1 0 0 0 6 0 0
144 3 0 0 1 0 0 0 0 0
147 2 0 0 1 0 0 0 0 0
183 14 1 1 3 0 0 0 0 0
185 12 0 0 1 0 0 0 0 0
187 8 0 0 2 0 0 0 0 0
188 2 1 1 2 0 0 0 0 0
190 6 0 0 0 0 0 0 0 0
192 14 1 1 2 0 0 0 0 0
208 12 0 0 0 0 0 0 0 0
210 8 1 1 0 0 0 0 0 0
220 2 0 0 0 0 0 2 0 0
223 4 1 1 0 0 0 1 0 0
224 1 0 0 0 0 0 1 0 0
275 1 0 0 0 0 0 1 0 0
276 8 0 0 7 0 0 0 0 0
fn=_dl_next_tls_modid
49 2 1 1 0 0 0 0 0 0
52 8 1 1 4 0 0 0 0 0
100 2 0 0 0 0 0 2 0 0
104 4 0 0 2 0 0 0 0 0
fl=/build/glibc-LK5gWL/glibc-2.23/elf/dl-version.c
fn=_dl_check_all_versions
380 5 1 1 0 0 0 4 0 0
384 28 0 0 7 0 0 0 0 0
385 7 0 0 0 0 0 0 0 0
386 70 1 1 7 0 0 7 0 0
389 7 1 1 5 0 0 0 0 0
fn=_dl_check_map_versions
56 148 1 1 20 0 0 0 0 0
57 39 0 0 39 0 0 0 0 0
58 255 0 0 0 0 0 49 0 0
174 63 1 1 0 0 0 42 0 0
175 2 0 0 0 0 0 0 0 0
183 2 0 0 0 0 0 0 0 0
189 21 1 1 7 1 0 0 0 0
190 2 0 0 0 0 0 0 0 0
191 14 0 0 7 1 0 7 0 0
193 14 0 0 7 0 0 7 0 0
194 28 0 0 7 1 0 21 0 0
196 14 1 1 0 0 0 0 0 0
199 15 0 0 10 0 0 5 0 0
203 25 0 0 5 5 5 0 0 0
220 20 0 0 20 1 1 0 0 0
228 30 1 1 10 0 0 0 0 0
233 80 0 0 20 0 0 0 0 0
237 494 1 1 273 8 8 58 0 0
244 174 1 1 87 0 0 0 0 0
247 87 0 0 29 0 0 0 0 0
252 19 0 0 0 0 0 0 0 0
256 60 0 0 20 0 0 0 0 0
261 15 0 0 0 0 0 5 0 0
262 5 0 0 0 0 0 0 0 0
270 14 1 1 7 0 0 0 0 0
273 20 0 0 15 0 0 0 0 0
276 368 0 0 92 7 7 0 0 0
279 276 0 0 92 3 3 0 0 0
283 87 0 0 0 0 0 0 0 0
287 18 1 1 0 0 0 0 0 0
292 6 0 0 0 0 0 6 1 0
293 24 1 1 0 0 0 6 0 0
294 12 0 0 0 0 0 0 0 0
302 6 0 0 0 0 0 6 0 0
305 18 1 1 12 1 0 6 1 0
307 18 0 0 6 0 0 0 0 0
310 20 0 0 15 0 0 0 0 0
314 30 0 0 10 0 0 0 0 0
317 87 0 0 29 0 0 0 0 0
319 87 0 0 0 0 0 0 0 0
321 145 1 1 29 0 0 29 0 0
322 87 0 0 0 0 0 29 11 11
323 87 0 0 29 0 0 29 2 2
324 87 0 0 29 0 0 29 1 1
327 87 0 0 29 0 0 0 0 0
332 19 0 0 0 0 0 0 0 0
335 30 0 0 10 0 0 0 0 0
340 5 0 0 0 0 0 0 0 0
341 5 0 0 0 0 0 0 0 0
345 18 1 1 6 0 0 0 0 0
348 20 0 0 15 0 0 0 0 0
352 87 0 0 87 0 0 0 0 0
354 184 0 0 92 0 0 0 0 0
359 522 0 0 174 0 0 87 25 25
360 261 0 0 87 0 0 87 0 0
361 87 0 0 0 0 0 87 9 9
364 276 0 0 92 0 0 0 0 0
368 87 0 0 0 0 0 0 0 0
374 62 1 1 49 0 0 0 0 0
fn=match_symbol
76 377 1 1 0 0 0 232 0 0
77 58 0 0 58 0 0 0 0 0
85 58 0 0 29 0 0 0 0 0
91 87 1 1 29 1 0 0 0 0
106 29 0 0 29 1 0 0 0 0
107 58 0 0 0 0 0 0 0 0
109 29 0 0 29 0 0 0 0 0
114 558 1 1 279 25 25 0 0 0
128 558 0 0 279 7 7 0 0 0
133 203 1 1 58 1 0 29 0 0
140 750 0 0 250 9 9 0 0 0
144 250 0 0 0 0 0 0 0 0
168 232 0 0 203 0 0 0 0 0
fl=/build/glibc-LK5gWL/glibc-2.23/elf/do-rel.h
fn=_dl_relocate_object
47 42 0 0 14 0 0 14 0 0
48 14 0 0 14 3 0 0 0 0
58 42 0 0 14 0 0 0 0 0
61 3327 1 1 0 0 0 0 0 0
63 4396 1 1 1099 411 411 0 0 0
65 70 0 0 0 0 0 0 0 0
74 12 0 0 0 0 0 0 0 0
75 106 1 1 30 1 0 0 0 0
76 44 0 0 22 0 0 0 0 0
83 16 0 0 8 0 0 8 0 0
84 8 1 1 8 0 0 0 0 0
86 24 0 0 8 0 0 0 0 0
98 24 0 0 0 0 0 0 0 0
108 15 1 1 1 1 1 0 0 0
111 6212 0 0 0 0 0 0 0 0
112 4130 0 0 2065 0 0 0 0 0
118 24 0 0 8 7 0 0 0 0
121 14 0 0 7 3 0 7 0 0
124 10049 2 2 3350 1 0 6 1 0
127 13348 1 1 3337 836 832 0 0 0
129 14 1 1 0 0 0 0 0 0
136 13348 0 0 6674 1163 234 0 0 0
137 19525 0 0 3337 0 0 3337 0 0
138 3337 0 0 3337 3 0 0 0 0
139 6674 0 0 3337 0 0 0 0 0
143 12 0 0 0 0 0 0 0 0
160 24 2 2 8 0 0 3 0 0
162 20 0 0 5 2 2 0 0 0
170 30 0 0 5 0 0 5 0 0
171 10 1 1 10 0 0 0 0 0
174 2 0 0 0 0 0 0 0 0
fn=_dl_start
83 1 0 0 1 0 0 0 0 0
84 1 0 0 1 0 0 0 0 0
111 33 0 0 0 0 0 0 0 0
112 20 0 0 10 2 2 0 0 0
116 2 0 0 1 0 0 0 0 0
124 22 0 0 0 0 0 0 0 0
136 6 0 0 6 2 2 0 0 0
137 36 1 1 6 0 0 0 0 0
fl=/build/glibc-LK5gWL/glibc-2.23/elf/get-dynamic-info.h
fn=_dl_map_object_from_fd
39 10 0 0 0 0 0 0 0 0
43 5 0 0 0 0 0 0 0 0
45 402 0 0 134 37 37 0 0 0
47 258 0 0 0 0 0 0 0 0
60 129 0 0 0 0 0 0 0 0
61 212 1 1 0 0 0 124 29 29
62 20 0 0 0 0 0 0 0 0
64 5 0 0 0 0 0 0 0 0
65 25 1 1 0 0 0 0 0 0
67 5 0 0 0 0 0 0 0 0
68 25 0 0 0 0 0 0 0 0
70 25 0 0 0 0 0 5 0 0
71 129 0 0 0 0 0 0 0 0
78 10 0 0 0 0 0 0 0 0
98 17 0 0 7 0 0 0 0 0
99 20 1 1 10 0 0 0 0 0
100 20 0 0 10 0 0 0 0 0
101 20 0 0 10 0 0 0 0 0
103 20 0 0 10 0 0 0 0 0
108 20 1 1 10 0 0 0 0 0
109 19 0 0 9 1 1 0 0 0
110 20 0 0 10 0 0 0 0 0
116 15 0 0 5 0 0 0 0 0
121 10 0 0 5 0 0 0 0 0
128 10 1 1 5 0 0 0 0 0
129 15 0 0 10 0 0 0 0 0
145 15 0 0 5 1 1 0 0 0
150 4 0 0 2 0 0 2 2 2
152 4 0 0 0 0 0 0 0 0
154 4 0 0 0 0 0 0 0 0
156 4 0 0 0 0 0 0 0 0
159 15 1 1 5 0 0 0 0 0
161 4 0 0 1 0 0 1 0 0
169 2 0 0 1 0 0 0 0 0
174 2 1 1 0 0 0 0 0 0
177 10 0 0 5 0 0 0 0 0
fn=_dl_start
45 57 1 1 19 5 5 0 0 0
47 36 0 0 0 0 0 0 0 0
48 26 0 0 0 0 0 13 4 4
60 21 0 0 0 0 0 0 0 0
61 18 2 2 0 0 0 4 3 3
62 4 1 1 0 0 0 0 0 0
64 1 0 0 0 0 0 0 0 0
65 5 1 1 0 0 0 0 0 0
67 2 0 0 0 0 0 0 0 0
68 5 1 1 0 0 0 0 0 0
70 6 0 0 0 0 0 1 1 1
71 18 0 0 0 0 0 0 0 0
78 2 0 0 0 0 0 0 0 0
98 4 0 0 2 0 0 0 0 0
99 4 0 0 2 0 0 0 0 0
100 4 1 1 2 0 0 0 0 0
101 4 0 0 2 0 0 0 0 0
103 4 0 0 2 0 0 0 0 0
108 4 0 0 2 0 0 0 0 0
109 4 1 1 2 0 0 0 0 0
110 4 0 0 2 0 0 0 0 0
116 3 0 0 1 0 0 0 0 0
121 2 0 0 1 0 0 0 0 0
128 3 0 0 1 0 0 0 0 0
129 3 1 1 2 0 0 0 0 0
137 3 0 0 1 0 0 0 0 0
139 3 0 0 1 0 0 0 0 0
142 2 1 1 1 0 0 0 0 0
143 2 0 0 1 0 0 0 0 0
fn=dl_main
30 1 0 0 1 0 0 0 0 0
39 2 0 0 0 0 0 0 0 0
43 1 0 0 0 0 0 0 0 0
45 75 0 0 25 7 7 0 0 0
47 48 0 0 0 0 0 0 0 0
60 17 0 0 0 0 0 0 0 0
61 34 0 0 0 0 0 23 6 6
62 4 1 1 0 0 0 0 0 0
64 1 0 0 0 0 0 0 0 0
65 5 1 1 0 0 0 0 0 0
67 1 1 1 0 0 0 0 0 0
68 5 1 1 0 0 0 0 0 0
70 5 0 0 0 0 0 1 0 0
71 24 0 0 0 0 0 0 0 0
78 3 0 0 1 0 0 0 0 0
116 3 1 1 1 0 0 0 0 0
121 2 0 0 1 0 0 0 0 0
128 2 0 0 1 0 0 0 0 0
129 3 1 1 2 0 0 0 0 0
145 3 0 0 1 0 0 0 0 0
159 3 1 1 1 0 0 0 0 0
177 2 1 1 1 0 0 0 0 0
fl=/build/glibc-LK5gWL/glibc-2.23/elf/rtld.c
fn=_dl_initial_error_catch_tsd
664 24 0 0 12 0 0 0 0 0
fn=_dl_start
302 2 0 0 0 0 0 1 1 1
303 2 0 0 0 0 0 1 0 0
304 2 0 0 0 0 0 1 1 1
305 2 0 0 0 0 0 1 0 0
306 2 1 1 0 0 0 1 0 0
314 5 0 0 0 0 0 1 1 1
317 1 0 0 0 0 0 1 1 1
323 4 1 0 0 0 0 1 0 0
332 1 0 0 0 0 0 0 0 0
335 5 0 0 1 1 0 1 0 0
339 2 0 0 1 0 0 0 0 0
353 9 2 2 0 0 0 6 0 0
371 5 0 0 0 0 0 1 1 1
394 1 0 0 0 0 0 1 0 0
397 1 0 0 0 0 0 1 1 1
408 2 0 0 0 0 0 0 0 0
413 26 2 2 9 0 0 0 0 0
415 1 1 1 1 1 1 0 0 0
440 9 0 0 7 1 0 0 0 0
fn=dl_main
719 1 0 0 1 1 0 0 0 0
721 3 0 0 1 1 0 1 0 0
730 1 1 1 0 0 0 1 0 0
732 1 0 0 0 0 0 1 0 0
737 1 0 0 0 0 0 1 0 0
790 12 2 2 0 0 0 7 1 1
799 1 0 0 0 0 0 0 0 0
805 1 0 0 0 0 0 1 0 0
809 2 0 0 0 0 0 1 0 0
812 2 0 0 0 0 0 1 1 1
816 2 0 0 0 0 0 1 1 1
817 2 1 1 0 0 0 1 0 0
822 2 0 0 0 0 0 1 0 0
832 3 1 1 1 0 0 0 0 0
1033 8 1 1 0 0 0 1 0 0
1035 2 0 0 0 0 0 0 0 0
1036 1 0 0 0 0 0 1 0 0
1037 2 1 1 1 0 0 1 0 0
1038 2 0 0 1 0 0 1 0 0
1042 3 0 0 0 0 0 1 0 0
1043 3 0 0 1 0 0 0 0 0
1064 1 0 0 0 0 0 1 1 1
1065 1 1 1 0 0 0 1 0 0
1067 1 0 0 0 0 0 1 0 0
1069 1 0 0 1 0 0 0 0 0
1072 35 0 0 1 0 0 0 0 0
1073 71 1 1 9 5 5 0 0 0
1077 3 1 1 1 0 0 1 0 0
1078 1 0 0 0 0 0 0 0 0
1082 3 1 1 2 0 0 1 0 0
1083 1 0 0 0 0 0 0 0 0
1091 1 0 0 0 0 0 1 1 1
1092 2 0 0 2 1 1 0 0 0
1094 3 1 1 0 0 0 1 0 0
1101 2 0 0 1 0 0 0 0 0
1119 1 0 0 0 0 0 0 0 0
1127 8 0 0 2 0 0 0 0 0
1128 7 2 2 3 1 1 0 0 0
1129 4 1 1 2 0 0 0 0 0
1130 1 0 0 0 0 0 1 0 0
1133 4 0 0 2 1 1 0 0 0
1134 4 0 0 2 0 0 0 0 0
1135 2 0 0 0 0 0 2 0 0
1136 6 0 0 3 0 0 0 0 0
1137 2 0 0 0 0 0 1 0 0
1164 2 0 0 1 0 0 1 0 0
1165 1 0 0 0 0 0 0 0 0
1168 2 1 1 1 0 0 1 0 0
1169 2 0 0 1 0 0 1 0 0
1170 1 0 0 0 0 0 0 0 0
1175 5 1 1 3 1 1 0 0 0
1178 2 0 0 0 0 0 0 0 0
1180 2 0 0 0 0 0 0 0 0
1182 3 1 1 1 0 0 0 0 0
1195 3 0 0 1 0 0 0 0 0
1196 8 0 0 4 0 0 1 0 0
1201 1 0 0 0 0 0 1 0 0
1203 1 1 1 0 0 0 1 1 1
1204 1 0 0 0 0 0 1 0 0
1206 2 0 0 1 0 0 0 0 0
1207 2 0 0 0 0 0 1 0 0
1211 2 0 0 1 0 0 0 0 0
1213 2 1 1 0 0 0 0 0 0
1218 2 0 0 0 0 0 1 0 0
1221 2 0 0 1 0 0 0 0 0
1237 3 1 1 0 0 0 1 0 0
1243 9 1 1 1 0 0 2 0 0
1248 2 1 1 1 0 0 1 0 0
1251 4 1 1 1 0 0 1 0 0
1253 1 0 0 0 0 0 1 0 0
1258 2 0 0 1 0 0 0 0 0
1261 3 0 0 2 0 0 1 0 0
1262 4 1 1 1 0 0 1 0 0
1263 2 0 0 0 0 0 1 0 0
1264 1 0 0 0 0 0 1 0 0
1265 1 0 0 1 0 0 0 0 0
1266 1 0 0 1 0 0 0 0 0
1271 2 0 0 1 0 0 0 0 0
1272 5 0 0 1 0 0 1 0 0
1289 2 1 1 1 1 1 0 0 0
1290 2 0 0 1 0 0 0 0 0
1292 4 0 0 1 0 0 0 0 0
1294 2 1 1 0 0 0 1 0 0
1295 4 0 0 1 0 0 1 1 1
1300 3 0 0 0 0 0 0 0 0
1301 5 0 0 1 1 1 0 0 0
1303 2 0 0 1 0 0 1 1 1
1304 2 0 0 1 0 0 1 0 0
1309 2 1 1 1 0 0 0 0 0
1314 3 0 0 1 0 0 0 0 0
1491 2 0 0 0 0 0 2 0 0
1499 3 1 1 1 0 0 0 0 0
1502 1 0 0 0 0 0 1 0 0
1506 3 0 0 1 0 0 0 0 0
1511 1 0 0 0 0 0 1 0 0
1512 1 0 0 0 0 0 1 0 0
1513 1 0 0 0 0 0 0 0 0
1517 3 0 0 1 0 0 0 0 0
1532 3 1 1 2 0 0 0 0 0
1533 1 0 0 0 0 0 0 0 0
1534 1 0 0 0 0 0 0 0 0
1536 3 0 0 1 0 0 0 0 0
1538 5 0 0 0 0 0 0 0 0
1539 3 0 0 0 0 0 1 0 0
1540 1 0 0 0 0 0 0 0 0
1542 6 1 1 1 0 0 1 0 0
1552 5 0 0 0 0 0 1 0 0
1629 4 0 0 2 0 0 0 0 0
1633 8 1 1 0 0 0 0 0 0
1634 1 0 0 0 0 0 0 0 0
1637 3 0 0 0 0 0 1 0 0
1638 1 0 0 1 0 0 0 0 0
1639 2 0 0 0 0 0 0 0 0
1640 2 0 0 0 0 0 0 0 0
1646 5 1 1 0 0 0 0 0 0
1647 8 0 0 1 0 0 1 0 0
1648 1 0 0 0 0 0 0 0 0
1650 6 1 1 1 0 0 1 0 0
1653 19 0 0 2 0 0 0 0 0
1654 28 0 0 14 0 0 0 0 0
1657 3 1 1 2 0 0 1 0 0
1658 4 1 1 1 0 0 0 0 0
1659 1 0 0 0 0 0 1 0 0
1661 18 1 1 0 0 0 0 0 0
1662 17 0 0 6 0 0 0 0 0
1672 1 1 1 0 0 0 1 0 0
1674 2 1 1 1 0 0 1 0 0
1675 3 0 0 1 0 0 0 0 0
1677 2 0 0 0 0 0 1 0 0
1679 4 0 0 1 0 0 0 0 0
1681 3 0 0 1 1 0 0 0 0
1682 1 0 0 1 0 0 0 0 0
1695 2 1 1 0 0 0 0 0 0
1696 2 0 0 0 0 0 1 0 0
1697 3 0 0 1 0 0 0 0 0
1699 2 0 0 1 0 0 0 0 0
1700 2 0 0 0 0 0 1 0 0
1708 5 0 0 1 0 0 1 0 0
1709 1 0 0 0 0 0 1 0 0
1710 5 0 0 0 0 0 1 0 0
1720 2 0 0 1 0 0 1 1 0
1721 2 1 1 1 0 0 0 0 0
1722 2 0 0 0 0 0 2 0 0
1724 2 0 0 1 0 0 0 0 0
1729 3 0 0 1 0 0 0 0 0
1959 3 0 0 1 1 1 0 0 0
2015 2 1 1 0 0 0 1 0 0
2019 4 1 1 2 0 0 2 1 0
2023 2 0 0 1 0 0 1 0 0
2026 2 0 0 1 0 0 0 0 0
2080 3 1 1 1 0 0 0 0 0
2087 1 0 0 1 0 0 0 0 0
2089 7 1 1 1 0 0 1 0 0
2091 17 1 1 0 0 0 0 0 0
2093 21 0 0 14 4 0 0 0 0
2098 14 0 0 14 4 0 0 0 0
2100 16 0 0 0 0 0 0 0 0
2102 1 1 1 0 0 0 1 0 0
2103 1 0 0 1 0 0 0 0 0
2106 7 0 0 7 0 0 0 0 0
2108 15 0 0 0 0 0 0 0 0
2109 48 0 0 12 6 0 6 0 0
2113 25 0 0 9 5 0 0 0 0
2114 6 0 0 0 0 0 2 0 0
2116 1 0 0 0 0 0 0 0 0
2118 6 0 0 1 1 0 1 0 0
2124 2 0 0 1 0 0 0 0 0
2129 4 1 1 2 1 0 0 0 0
2131 1 0 0 1 0 0 0 0 0
2136 3 1 1 1 0 0 1 0 0
2139 2 0 0 1 0 0 0 0 0
2148 3 0 0 2 2 0 0 0 0
2150 2 1 1 1 0 0 0 0 0
2165 5 0 0 0 0 0 0 0 0
2167 1 0 0 1 0 0 0 0 0
2168 5 0 0 1 0 0 1 0 0
2169 1 0 0 0 0 0 0 0 0
2171 6 1 1 1 0 0 1 0 0
2179 1 0 0 0 0 0 1 0 0
2183 3 0 0 1 0 0 0 0 0
2203 4 0 0 0 0 0 1 0 0
2204 1 0 0 0 0 0 1 0 0
2205 1 0 0 0 0 0 1 0 0
2206 1 0 0 0 0 0 0 0 0
2210 1 1 1 0 0 0 1 0 0
2215 8 0 0 7 2 0 0 0 0
2383 2 0 0 1 0 0 1 1 1
2385 1 0 0 0 0 0 1 0 0
2386 1 0 0 0 0 0 0 0 0
2390 13 1 1 1 0 0 4 0 0
2392 15 0 0 3 0 0 3 1 1
2396 107 1 1 21 0 0 0 0 0
2397 19 0 0 0 0 0 0 0 0
2399 4 0 0 0 0 0 0 0 0
2405 14 1 1 2 1 1 0 0 0
2426 6 1 1 0 0 0 1 0 0
2433 6 2 2 0 0 0 1 0 0
2435 3 0 0 0 0 0 1 0 0
2480 3 1 1 1 0 0 0 0 0
2481 6 1 1 0 0 0 1 0 0
2483 3 1 1 0 0 0 1 1 1
2553 3 0 0 1 0 0 0 0 0
2583 3 0 0 1 0 0 0 0 0
fn=handle_ld_preload
108 3 1 1 1 0 0 0 0 0
672 1 0 0 0 0 0 1 0 0
676 1 0 0 0 0 0 1 0 0
677 2 1 1 1 0 0 1 0 0
678 1 0 0 0 0 0 1 0 0
680 1 0 0 1 0 0 0 0 0
682 13 0 0 3 0 0 4 0 0
683 3 0 0 1 0 0 0 0 0
696 3 0 0 1 0 0 0 0 0
757 9 1 1 0 0 0 7 1 1
758 1 0 0 0 0 0 0 0 0
762 6 1 1 2 0 0 0 0 0
766 2 0 0 0 0 0 0 0 0
768 6 1 1 0 0 0 1 1 1
769 2 0 0 0 0 0 1 0 0
776 4 0 0 0 0 0 0 0 0
779 2 0 0 1 0 0 0 0 0
780 1 0 0 0 0 0 0 0 0
783 9 1 1 7 0 0 0 0 0
fn=init_tls
589 2 1 1 0 0 0 1 0 0
591 2 0 0 1 0 0 1 0 0
595 2 0 0 1 1 0 0 0 0
604 1 1 1 0 0 0 1 0 0
605 4 0 0 0 0 0 1 0 0
610 1 0 0 0 0 0 0 0 0
611 2 0 0 0 0 0 1 0 0
612 1 0 0 0 0 0 1 0 0
616 2 0 0 1 1 1 0 0 0
617 1 0 0 0 0 0 0 0 0
618 17 1 1 1 0 0 0 0 0
619 14 0 0 7 0 0 0 0 0
620 14 0 0 7 3 0 0 0 0
624 6 0 0 0 0 0 2 1 1
626 2 0 0 0 0 0 0 0 0
628 3 0 0 0 0 0 0 0 0
631 1 1 1 0 0 0 1 0 0
638 2 0 0 0 0 0 1 0 0
639 2 0 0 0 0 0 0 0 0
645 2 1 1 1 0 0 1 0 0
648 7 0 0 0 0 0 2 0 0
651 1 1 0 0 0 0 1 0 0
653 1 0 0 0 0 0 0 0 0
654 2 0 0 2 0 0 0 0 0
fn=map_doit
496 2 1 1 0 0 0 1 0 0
498 1 0 0 1 0 0 0 0 0
499 9 0 0 2 0 0 2 0 0
501 2 0 0 2 0 0 0 0 0
fn=rtld_lock_default_lock_recursive
704 258 1 1 258 4 1 0 0 0
fn=rtld_lock_default_unlock_recursive
710 258 0 0 258 1 0 0 0 0
fn=version_check_doit
529 2 1 1 0 0 0 1 0 0
531 6 1 0 2 0 0 1 0 0
535 2 0 0 2 0 0 0 0 0
fl=/build/glibc-LK5gWL/glibc-2.23/elf/setup-vdso.h
fn=dl_main
24 2 0 0 1 0 0 0 0 0
fl=/build/glibc-LK5gWL/glibc-2.23/iconv/gconv_simple.c
fn=__gconv_btwoc_ascii
52 512 1 1 0 0 0 0 0 0
55 128 0 0 128 0 0 0 0 0
fl=/build/glibc-LK5gWL/glibc-2.23/io/../sysdeps/unix/syscall-template.S
fn=access
84 24 1 1 0 0 0 0 0 0
86 30 0 0 6 0 0 6 0 0
fn=close
84 24 1 1 0 0 0 0 0 0
85 6 0 0 6 0 0 0 0 0
fn=open
84 80 1 1 0 0 0 0 0 0
85 6 0 0 6 0 0 0 0 0
86 70 0 0 14 0 0 14 0 0
fn=read
84 20 1 1 0 0 0 0 0 0
85 5 0 0 5 0 0 0 0 0
fl=/build/glibc-LK5gWL/glibc-2.23/io/../sysdeps/unix/sysv/linux/wordsize-64/fxstat.c
fn=_fxstat
33 6 0 0 0 0 0 0 0 0
34 12 1 1 0 0 0 0 0 0
35 36 0 0 0 0 0 0 0 0
39 6 0 0 6 0 0 0 0 0
fl=/build/glibc-LK5gWL/glibc-2.23/io/../sysdeps/unix/sysv/linux/wordsize-64/xstat.c
fn=_xstat
33 8 0 0 0 0 0 0 0 0
34 16 1 1 0 0 0 0 0 0
35 72 0 0 6 0 0 6 0 0
39 2 0 0 2 0 0 0 0 0
fl=/build/glibc-LK5gWL/glibc-2.23/locale/newlocale.c
fn=newlocale
44 10 1 1 0 0 0 7 0 0
56 2 0 0 0 0 0 0 0 0
57 2 2 2 0 0 0 0 0 0
64 2 0 0 0 0 0 0 0 0
67 4 1 1 1 0 0 0 0 0
73 2 0 0 0 0 0 0 0 0
74 6 1 1 2 0 0 0 0 0
76 1 0 0 0 0 0 0 0 0
279 8 0 0 7 0 0 0 0 0
fl=/build/glibc-LK5gWL/glibc-2.23/locale/uselocale.c
fn=uselocale
31 4 1 1 4 2 0 0 0 0
33 6 1 1 0 0 0 0 0 0
36 4 0 0 0 0 0 0 0 0
37 2 0 0 0 0 0 2 0 0
65 6 0 0 4 2 0 2 1 0
66 6 0 0 4 1 0 2 0 0
68 6 0 0 4 0 0 2 0 0
72 6 1 1 0 0 0 0 0 0
73 2 0 0 2 0 0 0 0 0
fl=/build/glibc-LK5gWL/glibc-2.23/malloc/arena.c
fn=malloc_hook_ini
260 3 0 0 1 1 1 0 0 0
fn=ptmalloc_init.part.5
221 264 0 0 88 12 0 0 0 0
223 174 0 0 87 41 0 0 0 0
224 2 0 0 1 0 0 0 0 0
225 2 0 0 1 0 0 0 0 0
239 87 0 0 0 0 0 0 0 0
258 6 1 1 0 0 0 5 0 0
263 1 0 0 0 0 0 1 0 0
271 2 1 1 1 0 0 0 0 0
272 7 2 2 0 0 0 1 0 0
273 4 0 0 2 1 0 0 0 0
277 3 0 0 1 1 0 1 1 0
279 5 0 0 2 2 0 0 0 0
295 2 1 1 0 0 0 0 0 0
340 2 1 1 0 0 0 0 0 0
346 2 0 0 2 1 1 0 0 0
347 2 0 0 0 0 0 0 0 0
349 1 0 0 0 0 0 1 1 0
350 7 0 0 6 1 0 0 0 0
fn=sysmalloc
488 1287 0 0 0 0 0 429 1 0
fl=/build/glibc-LK5gWL/glibc-2.23/malloc/hooks.c
fn=malloc_hook_ini
29 4 1 1 0 0 0 2 0 0
30 2 1 1 1 0 0 1 0 0
33 4 0 0 3 0 0 0 0 0
fl=/build/glibc-LK5gWL/glibc-2.23/malloc/malloc.c
fn=_int_free
1886 1131 0 0 377 0 0 0 0 0
3841 3770 1 1 0 0 0 2639 0 0
3852 377 0 0 0 0 0 377 0 0
3854 1131 0 0 377 0 0 0 0 0
3860 1508 1 1 0 0 0 0 0 0
3861 754 0 0 0 0 0 0 0 0
3872 1508 0 0 0 0 0 0 0 0
3885 754 0 0 377 0 0 0 0 0
3960 754 1 1 0 0 0 0 0 0
3961 1131 1 1 377 0 0 0 0 0
3966 377 0 0 0 0 0 0 0 0
3970 1508 0 0 377 0 0 0 0 0
3976 754 0 0 377 0 0 0 0 0
3984 1131 0 0 377 0 0 0 0 0
3990 754 1 1 0 0 0 0 0 0
3991 754 0 0 0 0 0 0 0 0
3992 754 0 0 377 0 0 0 0 0
4001 754 0 0 377 0 0 0 0 0
4008 754 1 1 377 0 0 0 0 0
4013 754 0 0 377 0 0 0 0 0
4017 754 1 1 377 0 0 0 0 0
4025 377 0 0 0 0 0 0 0 0
4026 377 1 1 377 0 0 0 0 0
4027 754 0 0 377 0 0 0 0 0
4032 377 0 0 0 0 0 377 1 1
4033 377 1 1 0 0 0 377 0 0
4034 754 0 0 0 0 0 0 0 0
4036 377 0 0 0 0 0 377 376 376
4037 377 0 0 0 0 0 377 0 0
4039 377 0 0 0 0 0 377 0 0
4040 377 0 0 0 0 0 377 0 0
4042 1131 0 0 0 0 0 377 0 0
4043 377 0 0 0 0 0 377 0 0
4073 754 0 0 0 0 0 0 0 0
4093 1131 1 1 377 0 0 0 0 0
4105 3016 0 0 2639 0 0 0 0 0
fn=_int_malloc
1879 30435 1 1 10002 0 0 0 0 0
3319 70014 0 0 0 0 0 60012 0 0
3349 100020 2 1 0 0 0 0 0 0
3353 30006 2 1 0 0 0 10002 0 0
3367 20004 0 0 10002 2 1 0 0 0
3404 20004 2 1 0 0 0 0 0 0
3448 150038 7 5 0 0 0 10002 0 0
3449 20004 0 0 10002 0 0 0 0 0
3450 2 0 0 0 0 0 1 1 0
3469 51141 2 1 10379 1 0 0 0 0
3471 377 0 0 377 0 0 0 0 0
3472 1131 0 0 377 0 0 0 0 0
3473 754 0 0 377 0 0 0 0 0
3476 377 0 0 0 0 0 0 0 0
3486 754 0 0 0 0 0 0 0 0
3515 377 0 0 0 0 0 377 0 0
3516 377 0 0 0 0 0 377 0 0
3520 754 1 1 0 0 0 0 0 0
3533 754 0 0 0 0 0 0 0 0
3536 377 1 1 0 0 0 0 0 0
3541 4151 2 2 0 0 0 0 0 0
3542 1508 1 1 0 0 0 0 0 0
3543 377 0 0 377 2 0 0 0 0
3546 754 0 0 0 0 0 0 0 0
3549 375 0 0 0 0 0 0 0 0
3551 1500 0 0 750 23 0 0 0 0
3552 750 0 0 0 0 0 0 0 0
3563 1125 0 0 375 0 0 0 0 0
3564 750 1 1 0 0 0 0 0 0
3570 375 0 0 0 0 0 0 0 0
3572 750 1 1 375 0 0 0 0 0
3580 750 0 0 375 23 0 0 0 0
3584 8 1 1 0 0 0 4 0 0
3587 1885 0 0 377 0 0 0 0 0
3588 377 0 0 0 0 0 377 0 0
3589 377 0 0 0 0 0 377 0 0
3590 377 0 0 0 0 0 377 1 0
3591 377 0 0 0 0 0 377 0 0
3594 754 0 0 0 0 0 0 0 0
3603 20004 2 1 0 0 0 0 0 0
3605 40008 1 1 10002 0 0 0 0 0
3608 40008 0 0 10002 2 0 0 0 0
3676 20004 0 0 10002 0 0 0 0 0
3677 20004 2 1 0 0 0 0 0 0
3678 20004 0 0 0 0 0 0 0 0
3679 20004 0 0 10002 2 0 0 0 0
3680 20004 0 0 0 0 0 0 0 0
3685 20004 0 0 0 0 0 0 0 0
3689 30006 2 1 0 0 0 0 0 0
3792 10002 2 1 10002 1 0 0 0 0
3793 20004 0 0 10002 1 0 0 0 0
3795 30006 0 0 0 0 0 0 0 0
3797 9573 0 0 0 0 0 0 0 0
3798 9573 0 0 0 0 0 0 0 0
3799 9573 0 0 0 0 0 9573 0 0
3800 76584 2 1 0 0 0 9573 0 0
3802 19146 0 0 0 0 0 9573 9573 9573
3805 9573 0 0 0 0 0 0 0 0
3812 858 0 0 429 0 0 0 0 0
3817 30006 0 0 0 0 0 10002 0 0
3819 260052 4 2 0 0 0 100020 0 0
3827 1287 3 2 0 0 0 429 0 0
3828 858 0 0 0 0 0 0 0 0
3833 90018 4 2 70014 0 0 0 0 0
5002 30006 0 0 0 0 0 20004 0 0
5004 40008 0 0 0 0 0 10002 0 0
fn=malloc
2902 30006 2 1 0 0 0 20004 0 0
2907 20004 0 0 20004 3 0 0 0 0
2908 20004 2 1 0 0 0 0 0 0
2909 2 1 1 1 0 0 0 0 0
2911 140014 1 1 50005 2 0 0 0 0
2913 40004 1 1 0 0 0 10001 0 0
2916 20002 0 0 0 0 0 0 0 0
2924 40004 0 0 20002 0 0 0 0 0
2926 110011 1 1 10001 0 0 0 0 0
2929 40007 0 0 30005 0 0 0 0 0
fn=malloc_consolidate
1805 254 0 0 0 0 0 0 0 0
1808 381 0 0 0 0 0 254 32 32
1812 3 1 1 0 0 0 0 0 0
1816 3 1 1 1 0 0 1 0 0
1817 3 0 0 1 0 0 1 0 0
1819 1 0 0 0 0 0 1 1 1
4144 2 1 1 1 0 0 0 0 0
4996 4 1 1 0 0 0 0 0 0
fn=malloc_hook_ini
2908 2 0 0 0 0 0 0 0 0
2911 13 2 2 5 1 0 0 0 0
2913 4 1 1 0 0 0 1 0 0
2916 2 0 0 0 0 0 0 0 0
2923 2 1 1 1 1 0 1 0 0
2924 4 0 0 2 0 0 0 0 0
2926 11 1 1 1 0 0 0 0 0
fn=sysmalloc
2268 3432 1 1 0 0 0 2574 0 0
2288 858 0 0 858 2 0 0 0 0
2299 858 0 0 0 0 0 0 0 0
2300 2145 1 1 429 1 0 429 1 0
2315 2145 0 0 0 0 0 858 0 0
2321 53 2 1 0 0 0 0 0 0
2380 429 0 0 429 0 0 0 0 0
2381 1287 0 0 429 0 0 0 0 0
2382 429 1 1 0 0 0 0 0 0
2391 4714 1 1 429 0 0 0 0 0
2397 1716 0 0 0 0 0 429 0 0
2400 1287 0 0 0 0 0 0 0 0
2455 1716 0 0 429 0 0 0 0 0
2463 1234 2 1 429 0 0 0 0 0
2464 53 0 0 0 0 0 0 0 0
2474 2574 2 1 0 0 0 858 0 0
2482 858 0 0 0 0 0 0 0 0
2484 2574 1 1 858 1 0 1287 0 0
2485 429 0 0 0 0 0 0 0 0
2488 1716 1 1 858 0 0 0 0 0
2491 104 0 0 104 2 0 0 0 0
2492 104 0 0 0 0 0 0 0 0
2507 1130 1 1 377 0 0 0 0 0
2508 4 0 0 2 0 0 0 0 0
2511 1508 0 0 0 0 0 0 0 0
2512 481 0 0 0 0 0 0 0 0
2515 754 1 1 0 0 0 0 0 0
2517 3770 0 0 0 0 0 1131 0 0
2519 754 0 0 0 0 0 0 0 0
2531 377 1 0 377 0 0 0 0 0
2536 3016 0 0 754 0 0 0 0 0
2538 858 0 0 429 2 1 0 0 0
2539 5 1 1 0 0 0 2 0 0
2540 1287 0 0 429 0 0 429 0 0
2546 1710 1 1 0 0 0 0 0 0
2547 255 0 0 51 0 0 51 0 0
2549 1138 2 2 378 0 0 0 0 0
2579 377 0 0 0 0 0 0 0 0
2586 2 0 0 0 0 0 0 0 0
2592 3 0 0 0 0 0 0 0 0
2611 1 0 0 0 0 0 0 0 0
2614 2 0 0 0 0 0 0 0 0
2615 6 1 1 2 0 0 0 0 0
2617 2 0 0 0 0 0 0 0 0
2618 3 0 0 2 0 0 1 0 0
2630 2 0 0 0 0 0 0 0 0
2638 3 1 1 3 0 0 0 0 0
2639 3 0 0 1 0 0 0 0 0
2649 1131 1 1 0 0 0 0 0 0
2668 754 1 1 0 0 0 0 0 0
2677 378 0 0 0 0 0 378 0 0
2678 1890 1 0 0 0 0 378 378 378
2679 756 0 0 0 0 0 378 0 0
2690 756 0 0 0 0 0 0 0 0
2697 754 1 1 0 0 0 0 0 0
2698 1131 0 0 0 0 0 377 0 0
2706 377 0 0 0 0 0 377 377 377
2709 377 0 0 0 0 0 377 0 0
2713 754 0 0 0 0 0 0 0 0
2715 2639 0 0 754 0 0 377 0 0
2723 858 1 1 429 0 0 0 0 0
2724 429 0 0 0 0 0 429 0 0
2732 1716 0 0 858 0 0 0 0 0
2734 429 0 0 0 0 0 0 0 0
2735 429 0 0 0 0 0 0 0 0
2736 429 0 0 0 0 0 429 0 0
2737 3432 1 1 0 0 0 429 0 0
2738 858 0 0 0 0 0 429 429 429
2740 429 0 0 0 0 0 0 0 0
2746 3861 0 0 3003 0 0 0 0 0
fl=/build/glibc-LK5gWL/glibc-2.23/malloc/morecore.c
fn=__default_morecore
46 430 2 1 0 0 0 0 0 0
47 430 0 0 0 0 0 430 0 0
48 1290 0 0 0 0 0 0 0 0
52 860 0 0 430 0 0 0 0 0
fl=/build/glibc-LK5gWL/glibc-2.23/math/../sysdeps/x86_64/fpu/multiarch/e_asin.c
fn=__acos_finite
10 5 2 2 3 0 0 0 0 0
fn=__asin_finite
16 5 0 0 3 0 0 0 0 0
fl=/build/glibc-LK5gWL/glibc-2.23/math/../sysdeps/x86_64/fpu/multiarch/e_exp.c
fn=__exp_finite
9 8 1 1 3 0 0 0 0 0
fl=/build/glibc-LK5gWL/glibc-2.23/math/../sysdeps/x86_64/fpu/multiarch/e_pow.c
fn=__pow_finite
8 5 1 1 3 0 0 0 0 0
fl=/build/glibc-LK5gWL/glibc-2.23/math/../sysdeps/x86_64/fpu/multiarch/s_ceil.S
fn=ceil
25 1 1 1 1 0 0 0 0 0
26 1 0 0 0 0 0 0 0 0
27 1 1 1 1 0 0 0 0 0
28 1 0 0 0 0 0 0 0 0
30 1 0 0 1 0 0 0 0 0
fl=/build/glibc-LK5gWL/glibc-2.23/math/../sysdeps/x86_64/fpu/multiarch/s_ceilf.S
fn=ceilf
25 1 1 1 1 0 0 0 0 0
26 1 0 0 0 0 0 0 0 0
27 1 0 0 1 0 0 0 0 0
28 1 0 0 0 0 0 0 0 0
30 1 0 0 1 0 0 0 0 0
fl=/build/glibc-LK5gWL/glibc-2.23/math/../sysdeps/x86_64/fpu/multiarch/s_floor.S
fn=floor
25 1 1 1 1 0 0 0 0 0
26 1 0 0 0 0 0 0 0 0
27 1 1 1 1 0 0 0 0 0
28 1 0 0 0 0 0 0 0 0
30 1 0 0 1 0 0 0 0 0
fl=/build/glibc-LK5gWL/glibc-2.23/math/../sysdeps/x86_64/fpu/multiarch/s_floorf.S
fn=floorf
25 1 1 1 1 0 0 0 0 0
26 1 0 0 0 0 0 0 0 0
27 1 1 1 1 0 0 0 0 0
28 1 0 0 0 0 0 0 0 0
30 1 0 0 1 0 0 0 0 0
fl=/build/glibc-LK5gWL/glibc-2.23/math/../sysdeps/x86_64/fpu/multiarch/s_rint.S
fn=rint
25 1 1 1 1 0 0 0 0 0
26 1 0 0 0 0 0 0 0 0
27 1 0 0 1 0 0 0 0 0
28 1 0 0 0 0 0 0 0 0
30 1 1 1 1 0 0 0 0 0
fl=/build/glibc-LK5gWL/glibc-2.23/math/../sysdeps/x86_64/fpu/multiarch/s_rintf.S
fn=rintf
25 1 1 1 1 0 0 0 0 0
26 1 0 0 0 0 0 0 0 0
27 1 0 0 1 0 0 0 0 0
28 1 0 0 0 0 0 0 0 0
30 1 0 0 1 0 0 0 0 0
fl=/build/glibc-LK5gWL/glibc-2.23/math/../sysdeps/x86_64/fpu/multiarch/s_sin.c
fn=cos
12 8 2 2 3 0 0 0 0 0
fl=/build/glibc-LK5gWL/glibc-2.23/misc/../sysdeps/unix/syscall-template.S
fn=mprotect
84 48 1 1 0 0 0 0 0 0
85 12 0 0 12 0 0 0 0 0
fn=munmap
84 4 1 1 0 0 0 0 0 0
85 1 0 0 1 0 0 0 0 0
fl=/build/glibc-LK5gWL/glibc-2.23/misc/../sysdeps/unix/sysv/linux/wordsize-64/mmap.c
fn=mmap
32 3950 0 0 0 0 0 2370 5 5
33 2366 4 4 5 0 0 0 0 0
34 3950 0 0 0 0 0 0 0 0
36 2765 0 0 2765 0 0 0 0 0
fl=/build/glibc-LK5gWL/glibc-2.23/misc/../sysdeps/unix/sysv/linux/x86_64/brk.c
fn=brk
31 3440 2 1 430 0 0 430 0 0
33 860 0 0 0 0 0 0 0 0
35 754 1 1 377 0 0 377 0 0
36 377 0 0 0 0 0 0 0 0
39 430 0 0 0 0 0 0 0 0
40 430 0 0 430 0 0 0 0 0
fl=/build/glibc-LK5gWL/glibc-2.23/misc/init-misc.c
fn=__init_misc
30 3 0 0 0 0 0 2 0 0
31 6 1 1 1 0 0 0 0 0
33 3 0 0 0 0 0 1 0 0
37 5 1 1 1 1 0 1 1 0
38 3 0 0 2 1 0 1 0 0
40 4 0 0 3 0 0 0 0 0
fl=/build/glibc-LK5gWL/glibc-2.23/misc/sbrk.c
fn=sbrk
34 1720 2 1 0 0 0 1290 1 0
42 3007 0 0 1289 5 1 0 0 0
43 6 1 1 1 0 0 1 0 0
46 860 0 0 0 0 0 0 0 0
50 2574 0 0 0 0 0 0 0 0
55 377 0 0 0 0 0 0 0 0
58 1716 1 0 0 0 0 429 0 0
62 2150 2 1 1720 0 0 0 0 0
fl=/build/glibc-LK5gWL/glibc-2.23/posix/../sysdeps/unix/syscall-template.S
fn=uname
84 4 1 1 0 0 0 0 0 0
85 1 0 0 1 0 0 0 0 0
fl=/build/glibc-LK5gWL/glibc-2.23/setjmp/../sysdeps/x86_64/bsd-_setjmp.S
fn=_setjmp
30 1 1 1 0 0 0 0 0 0
32 1 0 0 0 0 0 0 0 0
fl=/build/glibc-LK5gWL/glibc-2.23/setjmp/../sysdeps/x86_64/setjmp.S
fn=__sigsetjmp
26 12 2 2 0 0 0 12 1 0
35 12 0 0 0 0 0 0 0 0
36 24 1 1 12 0 0 0 0 0
37 12 0 0 0 0 0 12 0 0
41 12 0 0 0 0 0 12 0 0
42 12 0 0 0 0 0 12 0 0
43 12 0 0 0 0 0 12 1 1
44 12 0 0 0 0 0 12 0 0
45 12 0 0 0 0 0 0 0 0
47 24 1 1 12 0 0 0 0 0
49 12 0 0 0 0 0 12 1 0
50 12 0 0 12 0 0 0 0 0
51 12 0 0 0 0 0 0 0 0
53 24 0 0 12 0 0 0 0 0
55 12 1 1 0 0 0 12 0 0
59 11 0 0 0 0 0 0 0 0
60 11 0 0 11 0 0 0 0 0
64 1 0 0 0 0 0 0 0 0
fl=/build/glibc-LK5gWL/glibc-2.23/setjmp/sigjmp.c
fn=__sigjmp_save
28 3 0 0 0 0 0 1 0 0
29 3 0 0 0 0 0 1 0 0
34 3 0 0 2 0 0 0 0 0
fl=/build/glibc-LK5gWL/glibc-2.23/stdlib/cxa_atexit.c
fn=__cxa_atexit
35 20 0 0 0 0 0 10 0 0
37 20 0 0 0 0 0 0 0 0
41 30 0 0 10 1 0 0 0 0
43 10 0 0 0 0 0 10 0 0
44 10 0 0 0 0 0 10 5 0
45 10 0 0 0 0 0 10 0 0
47 10 1 1 0 0 0 10 0 0
48 10 0 0 0 0 0 0 0 0
57 60 1 1 0 0 0 30 0 0
59 40 0 0 40 0 0 0 0 0
fn=__new_exitfn
73 40 1 1 0 0 0 20 0 0
79 60 1 1 20 5 2 0 0 0
81 63 1 1 11 3 0 0 0 0
83 48 3 1 10 3 0 0 0 0
84 45 0 0 9 2 0 0 0 0
91 2 0 0 0 0 0 1 0 0
94 18 0 0 0 0 0 0 0 0
112 1 1 1 0 0 0 0 0 0
113 2 1 1 0 0 0 1 0 0
119 27 1 0 0 0 0 0 0 0
120 18 0 0 0 0 0 9 0 0
126 10 1 1 0 0 0 10 0 0
127 10 0 0 10 3 1 0 0 0
130 40 0 0 20 0 0 0 0 0
133 50 0 0 30 0 0 0 0 0
fl=/build/glibc-LK5gWL/glibc-2.23/stdlib/rand.c
fn=rand
26 51963462 1 1 0 0 0 0 0 0
27 51963462 0 0 0 0 0 51963462 0 0
28 103926924 0 0 51963462 0 0 0 0 0
fl=/build/glibc-LK5gWL/glibc-2.23/stdlib/random.c
fn=random
288 51963462 1 1 0 0 0 0 0 0
291 311780772 0 0 103926924 1 1 0 0 0
293 155890386 1 1 0 0 0 51963462 0 0
295 207853848 0 0 103926924 0 0 0 0 0
297 51963462 1 1 51963462 0 0 0 0 0
298 103926924 0 0 51963462 0 0 0 0 0
fl=/build/glibc-LK5gWL/glibc-2.23/stdlib/random_r.c
fn=random_r
357 207853848 1 1 0 0 0 0 0 0
360 154214146 1 1 51963462 0 0 0 0 0
362 155890386 0 0 51963462 1 0 0 0 0
371 51963462 0 0 51963462 0 0 0 0 0
372 51963462 0 0 51963462 0 0 0 0 0
373 51963462 0 0 51963462 1 0 0 0 0
376 155890386 0 0 103926924 2 2 51963462 0 0
378 103926924 0 0 0 0 0 51963462 0 0
379 51963462 0 0 0 0 0 0 0 0
380 103926924 0 0 0 0 0 0 0 0
383 51963462 0 0 0 0 0 0 0 0
391 51963462 0 0 0 0 0 51963462 0 0
392 102250684 0 0 50287222 0 0 51963462 0 0
394 53639702 0 0 1676240 0 0 0 0 0
fl=/build/glibc-LK5gWL/glibc-2.23/string/../bits/stdlib-bsearch.h
fn=intel_check_word
27 8 0 0 0 0 0 0 0 0
28 16 0 0 0 0 0 0 0 0
29 110 0 0 0 0 0 0 0 0
31 154 0 0 0 0 0 0 0 0
32 54 0 0 0 0 0 0 0 0
37 8 1 1 0 0 0 0 0 0
fl=/build/glibc-LK5gWL/glibc-2.23/string/../string/memmove.c
fn=memmove
45 24 1 1 0 0 0 16 0 0
51 16 0 0 0 0 0 0 0 0
59 16 1 1 0 0 0 0 0 0
62 10 0 0 0 0 0 0 0 0
63 4 0 0 0 0 0 0 0 0
75 28 2 2 0 0 0 2 0 0
81 70 0 0 10 0 0 10 0 0
112 28 1 1 20 0 0 0 0 0
fl=/build/glibc-LK5gWL/glibc-2.23/string/../sysdeps/x86_64/cacheinfo.c
fn=handle_intel
261 16 0 0 0 0 0 12 0 0
262 4 1 1 0 0 0 0 0 0
273 6 0 0 0 0 0 2 0 0
275 2 1 1 0 0 0 2 0 0
276 4 0 0 0 0 0 2 0 0
278 2 0 0 0 0 0 0 0 0
284 10 1 1 0 0 0 2 0 0
289 4 0 0 0 0 0 0 0 0
291 6 0 0 0 0 0 2 0 0
292 2 0 0 0 0 0 0 0 0
296 8 0 0 0 0 0 2 0 0
297 4 0 0 0 0 0 0 0 0
300 10 1 1 0 0 0 2 0 0
301 4 0 0 0 0 0 0 0 0
318 16 1 1 14 0 0 0 0 0
fn=init_cacheinfo
482 5 1 1 0 0 0 5 0 0
494 4 0 0 2 1 0 0 0 0
496 5 0 0 1 0 0 1 0 0
499 1 0 0 0 0 0 0 0 0
500 4 1 1 0 0 0 1 0 0
502 2 0 0 0 0 0 0 0 0
511 2 0 0 0 0 0 0 0 0
513 1 0 0 1 0 0 0 0 0
514 1 0 0 1 0 0 0 0 0
516 1 0 0 0 0 0 0 0 0
521 18 1 1 0 0 0 0 0 0
527 8 0 0 0 0 0 0 0 0
530 20 0 0 0 0 0 0 0 0
532 1 1 1 0 0 0 0 0 0
538 6 0 0 0 0 0 0 0 0
545 11 1 1 0 0 0 0 0 0
547 2 0 0 0 0 0 0 0 0
548 2 0 0 0 0 0 0 0 0
549 8 0 0 0 0 0 0 0 0
551 4 0 0 0 0 0 0 0 0
556 1 0 0 0 0 0 0 0 0
558 3 0 0 0 0 0 0 0 0
559 4 0 0 0 0 0 0 0 0
564 2 0 0 0 0 0 0 0 0
565 6 1 1 0 0 0 0 0 0
596 4 0 0 0 0 0 0 0 0
597 5 0 0 0 0 0 0 0 0
652 2 0 0 0 0 0 0 0 0
654 3 1 1 0 0 0 1 0 0
655 1 0 0 0 0 0 1 1 1
657 1 0 0 0 0 0 0 0 0
658 3 0 0 0 0 0 1 0 0
659 1 0 0 0 0 0 1 0 0
662 2 0 0 0 0 0 0 0 0
664 3 0 0 0 0 0 1 0 0
665 1 0 0 0 0 0 1 0 0
667 1 1 1 0 0 0 0 0 0
668 3 0 0 0 0 0 1 0 0
669 1 0 0 0 0 0 1 0 0
671 6 0 0 6 0 0 0 0 0
fn=intel_check_word
121 108 0 0 54 6 6 0 0 0
124 54 1 1 0 0 0 0 0 0
132 24 0 0 0 0 0 16 0 0
133 8 1 1 0 0 0 0 0 0
135 2 0 0 0 0 0 0 0 0
139 28 1 1 0 0 0 0 0 0
141 24 0 0 0 0 0 0 0 0
143 10 0 0 0 0 0 0 0 0
145 20 0 0 0 0 0 0 0 0
153 20 1 1 0 0 0 0 0 0
165 17 1 1 0 0 0 0 0 0
168 15 0 0 0 0 0 0 0 0
172 10 1 1 0 0 0 0 0 0
174 10 0 0 0 0 0 0 0 0
175 26 0 0 0 0 0 0 0 0
177 21 0 0 0 0 0 0 0 0
178 10 0 0 0 0 0 0 0 0
179 10 0 0 0 0 0 0 0 0
180 6 0 0 0 0 0 0 0 0
182 2 1 1 0 0 0 0 0 0
184 4 0 0 0 0 0 0 0 0
186 32 2 2 0 0 0 0 0 0
197 3 0 0 0 0 0 0 0 0
204 16 0 0 0 0 0 0 0 0
209 8 0 0 4 0 0 0 0 0
212 24 0 0 8 0 0 0 0 0
226 8 0 0 0 0 0 0 0 0
251 8 0 0 0 0 0 0 0 0
256 24 0 0 20 0 0 0 0 0
fl=/build/glibc-LK5gWL/glibc-2.23/string/../sysdeps/x86_64/memcpy.S
fn=mempcpy
61 49 1 1 0 0 0 0 0 0
65 49 0 0 0 0 0 0 0 0
68 47 0 0 0 0 0 0 0 0
69 47 0 0 0 0 0 0 0 0
71 26 0 0 26 2 2 0 0 0
72 26 0 0 0 0 0 26 3 3
74 26 1 1 0 0 0 0 0 0
75 26 0 0 0 0 0 0 0 0
80 47 0 0 0 0 0 0 0 0
81 47 0 0 0 0 0 0 0 0
83 25 0 0 25 0 0 0 0 0
84 25 0 0 0 0 0 25 0 0
86 25 0 0 0 0 0 0 0 0
87 25 0 0 0 0 0 0 0 0
92 47 0 0 0 0 0 0 0 0
93 47 0 0 0 0 0 0 0 0
95 21 0 0 21 0 0 0 0 0
96 21 0 0 0 0 0 21 0 0
98 21 0 0 0 0 0 0 0 0
99 21 0 0 0 0 0 0 0 0
104 47 0 0 0 0 0 0 0 0
105 47 0 0 0 0 0 0 0 0
107 27 0 0 27 0 0 0 0 0
108 27 0 0 0 0 0 27 1 1
110 27 0 0 0 0 0 0 0 0
111 54 0 0 0 0 0 0 0 0
116 47 1 1 0 0 0 0 0 0
117 54 0 0 0 0 0 0 0 0
122 7 0 0 7 1 0 0 0 0
123 7 0 0 7 0 0 0 0 0
124 7 0 0 0 0 0 7 1 1
125 7 0 0 0 0 0 7 1 1
127 7 0 0 0 0 0 0 0 0
129 7 0 0 0 0 0 0 0 0
130 7 0 0 0 0 0 0 0 0
132 7 0 0 0 0 0 0 0 0
138 47 0 0 0 0 0 0 0 0
142 47 0 0 47 0 0 0 0 0
154 5 0 0 0 0 0 0 0 0
156 5 0 0 0 0 0 0 0 0
157 5 0 0 0 0 0 0 0 0
183 5 1 1 0 0 0 0 0 0
184 5 0 0 0 0 0 0 0 0
187 5 0 0 0 0 0 0 0 0
188 5 0 0 0 0 0 0 0 0
189 5 0 0 0 0 0 0 0 0
194 5 0 0 0 0 0 0 0 0
196 5 0 0 5 0 0 0 0 0
197 5 0 0 5 0 0 0 0 0
198 5 0 0 5 0 0 0 0 0
199 5 1 1 5 0 0 0 0 0
201 5 0 0 0 0 0 5 0 0
202 5 0 0 0 0 0 5 0 0
203 5 0 0 0 0 0 5 1 1
204 5 0 0 0 0 0 5 0 0
206 5 0 0 0 0 0 0 0 0
207 5 0 0 0 0 0 0 0 0
209 5 0 0 0 0 0 0 0 0
231 5 1 1 0 0 0 0 0 0
233 5 0 0 0 0 0 0 0 0
235 2 0 0 0 0 0 0 0 0
242 2 0 0 2 0 0 0 0 0
fl=/build/glibc-LK5gWL/glibc-2.23/string/../sysdeps/x86_64/multiarch/../memcmp.S
fn=__GI_memcmp
24 49 1 1 0 0 0 0 0 0
25 49 0 0 0 0 0 0 0 0
26 49 0 0 0 0 0 0 0 0
27 49 1 1 0 0 0 0 0 0
28 49 0 0 0 0 0 0 0 0
29 49 0 0 0 0 0 0 0 0
30 49 0 0 0 0 0 0 0 0
31 49 0 0 0 0 0 0 0 0
34 49 0 0 0 0 0 0 0 0
35 49 0 0 0 0 0 0 0 0
36 48 0 0 48 0 0 0 0 0
37 48 0 0 48 0 0 0 0 0
38 48 0 0 0 0 0 0 0 0
39 48 0 0 0 0 0 0 0 0
40 48 0 0 0 0 0 0 0 0
41 48 0 0 0 0 0 0 0 0
42 48 0 0 0 0 0 0 0 0
44 11 0 0 0 0 0 0 0 0
45 11 1 1 0 0 0 0 0 0
46 1 0 0 1 0 0 0 0 0
47 1 0 0 1 0 0 0 0 0
48 1 0 0 0 0 0 0 0 0
49 1 0 0 0 0 0 0 0 0
50 1 0 0 0 0 0 0 0 0
51 1 0 0 0 0 0 0 0 0
52 1 0 0 0 0 0 0 0 0
54 11 0 0 0 0 0 0 0 0
55 11 0 0 0 0 0 0 0 0
56 11 0 0 11 0 0 0 0 0
57 11 0 0 11 0 0 0 0 0
58 11 0 0 0 0 0 0 0 0
59 11 0 0 0 0 0 0 0 0
94 38 0 0 38 0 0 0 0 0
98 11 1 1 0 0 0 0 0 0
99 11 0 0 0 0 0 0 0 0
100 1 0 0 0 0 0 0 0 0
101 1 0 0 0 0 0 0 0 0
102 1 0 0 0 0 0 0 0 0
103 1 0 0 0 0 0 0 0 0
104 1 0 0 0 0 0 0 0 0
105 1 0 0 0 0 0 0 0 0
106 1 0 0 0 0 0 0 0 0
107 1 0 0 0 0 0 0 0 0
108 1 0 0 0 0 0 0 0 0
109 1 0 0 0 0 0 0 0 0
110 1 0 0 1 0 0 0 0 0
114 10 0 0 0 0 0 0 0 0
115 10 0 0 10 0 0 0 0 0
fn=bcmp
24 25 1 1 0 0 0 0 0 0
25 25 0 0 0 0 0 0 0 0
26 25 0 0 0 0 0 0 0 0
27 25 0 0 0 0 0 0 0 0
28 25 0 0 0 0 0 0 0 0
29 25 0 0 0 0 0 0 0 0
30 25 0 0 0 0 0 0 0 0
31 25 1 1 0 0 0 0 0 0
34 25 0 0 0 0 0 0 0 0
35 25 0 0 0 0 0 0 0 0
36 8 0 0 8 1 1 0 0 0
37 8 0 0 8 3 3 0 0 0
38 8 0 0 0 0 0 0 0 0
39 8 0 0 0 0 0 0 0 0
40 8 0 0 0 0 0 0 0 0
41 8 0 0 0 0 0 0 0 0
42 8 0 0 0 0 0 0 0 0
44 24 0 0 0 0 0 0 0 0
45 24 0 0 0 0 0 0 0 0
46 7 0 0 7 0 0 0 0 0
47 7 0 0 7 0 0 0 0 0
48 7 0 0 0 0 0 0 0 0
49 7 0 0 0 0 0 0 0 0
50 7 0 0 0 0 0 0 0 0
51 7 0 0 0 0 0 0 0 0
52 7 0 0 0 0 0 0 0 0
54 24 1 1 0 0 0 0 0 0
55 24 0 0 0 0 0 0 0 0
56 8 0 0 8 1 1 0 0 0
57 8 0 0 8 1 1 0 0 0
58 8 0 0 0 0 0 0 0 0
59 8 0 0 0 0 0 0 0 0
60 2 0 0 0 0 0 0 0 0
61 2 0 0 0 0 0 0 0 0
62 2 0 0 0 0 0 0 0 0
64 18 0 0 0 0 0 0 0 0
65 18 0 0 0 0 0 0 0 0
66 10 0 0 10 0 0 0 0 0
67 10 0 0 10 2 2 0 0 0
68 10 0 0 0 0 0 0 0 0
69 10 0 0 0 0 0 0 0 0
74 8 0 0 8 4 4 0 0 0
75 8 0 0 8 0 0 0 0 0
76 8 0 0 0 0 0 0 0 0
77 8 0 0 0 0 0 0 0 0
78 8 0 0 0 0 0 0 0 0
79 8 0 0 0 0 0 0 0 0
80 8 0 0 0 0 0 0 0 0
81 5 0 0 0 0 0 0 0 0
82 5 0 0 0 0 0 0 0 0
83 5 0 0 5 0 0 0 0 0
84 5 0 0 5 0 0 0 0 0
85 5 0 0 0 0 0 0 0 0
92 5 0 0 0 0 0 0 0 0
94 6 0 0 6 0 0 0 0 0
98 16 1 1 0 0 0 0 0 0
99 16 0 0 0 0 0 0 0 0
100 3 0 0 0 0 0 0 0 0
101 3 0 0 0 0 0 0 0 0
102 3 0 0 0 0 0 0 0 0
103 3 0 0 0 0 0 0 0 0
104 3 0 0 0 0 0 0 0 0
105 3 0 0 0 0 0 0 0 0
106 3 0 0 0 0 0 0 0 0
107 3 0 0 0 0 0 0 0 0
108 3 0 0 0 0 0 0 0 0
109 3 0 0 0 0 0 0 0 0
110 3 0 0 3 0 0 0 0 0
114 16 1 1 0 0 0 0 0 0
115 16 0 0 16 0 0 0 0 0
fl=/build/glibc-LK5gWL/glibc-2.23/string/../sysdeps/x86_64/multiarch/../memcpy.S
fn=memcpy
61 31 1 1 0 0 0 0 0 0
63 31 0 0 0 0 0 0 0 0
65 31 0 0 0 0 0 0 0 0
68 29 0 0 0 0 0 0 0 0
69 29 0 0 0 0 0 0 0 0
71 8 0 0 8 0 0 0 0 0
72 8 0 0 0 0 0 8 3 3
74 8 0 0 0 0 0 0 0 0
75 8 0 0 0 0 0 0 0 0
80 29 0 0 0 0 0 0 0 0
81 29 0 0 0 0 0 0 0 0
83 9 0 0 9 0 0 0 0 0
84 9 0 0 0 0 0 9 3 3
86 9 0 0 0 0 0 0 0 0
87 18 0 0 0 0 0 0 0 0
92 29 1 1 0 0 0 0 0 0
93 29 0 0 0 0 0 0 0 0
95 6 0 0 6 0 0 0 0 0
96 6 0 0 0 0 0 6 0 0
98 6 0 0 0 0 0 0 0 0
99 6 0 0 0 0 0 0 0 0
104 29 0 0 0 0 0 0 0 0
105 29 0 0 0 0 0 0 0 0
107 19 0 0 19 0 0 0 0 0
108 19 0 0 0 0 0 19 3 3
110 19 0 0 0 0 0 0 0 0
111 19 0 0 0 0 0 0 0 0
116 29 0 0 0 0 0 0 0 0
117 43 0 0 0 0 0 0 0 0
122 14 0 0 14 1 1 0 0 0
123 14 0 0 14 0 0 0 0 0
124 14 0 0 0 0 0 14 3 3
125 14 0 0 0 0 0 14 1 1
127 14 0 0 0 0 0 0 0 0
129 14 0 0 0 0 0 0 0 0
130 14 0 0 0 0 0 0 0 0
132 14 0 0 0 0 0 0 0 0
140 29 1 1 29 0 0 0 0 0
148 16 0 0 0 0 0 16 0 0
154 16 0 0 0 0 0 0 0 0
156 16 0 0 0 0 0 0 0 0
157 16 0 0 0 0 0 0 0 0
160 6 0 0 0 0 0 0 0 0
161 18 0 0 0 0 0 0 0 0
166 25 1 1 25 0 0 0 0 0
167 25 0 0 0 0 0 25 1 1
169 25 0 0 0 0 0 0 0 0
171 25 0 0 0 0 0 0 0 0
172 25 0 0 0 0 0 0 0 0
174 37 0 0 0 0 0 0 0 0
183 16 0 0 0 0 0 0 0 0
184 16 0 0 0 0 0 0 0 0
187 16 0 0 0 0 0 0 0 0
188 16 0 0 0 0 0 0 0 0
189 16 0 0 0 0 0 0 0 0
194 16 0 0 0 0 0 0 0 0
196 16 0 0 16 4 4 0 0 0
197 16 0 0 16 0 0 0 0 0
198 16 0 0 16 0 0 0 0 0
199 16 1 1 16 0 0 0 0 0
201 16 0 0 0 0 0 16 3 3
202 16 0 0 0 0 0 16 0 0
203 16 0 0 0 0 0 16 0 0
204 16 0 0 0 0 0 16 2 2
206 16 0 0 0 0 0 0 0 0
207 16 0 0 0 0 0 0 0 0
209 16 0 0 0 0 0 0 0 0
211 4 0 0 0 0 0 0 0 0
213 4 0 0 4 0 0 0 0 0
214 4 0 0 4 0 0 0 0 0
215 4 0 0 4 0 0 0 0 0
216 4 0 0 4 0 0 0 0 0
218 4 0 0 0 0 0 4 4 4
219 4 0 0 0 0 0 4 0 0
220 4 0 0 0 0 0 4 0 0
221 4 0 0 0 0 0 4 0 0
223 4 0 0 0 0 0 0 0 0
224 4 0 0 0 0 0 0 0 0
226 6 0 0 0 0 0 0 0 0
231 16 1 1 0 0 0 0 0 0
237 16 0 0 16 0 0 0 0 0
238 16 0 0 0 0 0 0 0 0
240 2 0 0 2 0 0 0 0 0
fl=/build/glibc-LK5gWL/glibc-2.23/string/../sysdeps/x86_64/multiarch/../memset.S
fn=memset
53 17 1 1 0 0 0 0 0 0
54 17 0 0 0 0 0 0 0 0
55 17 0 0 0 0 0 0 0 0
56 17 0 0 0 0 0 0 0 0
57 17 0 0 0 0 0 0 0 0
59 17 0 0 0 0 0 0 0 0
60 17 0 0 0 0 0 0 0 0
61 13 0 0 0 0 0 0 0 0
62 13 0 0 0 0 0 0 0 0
63 1 0 0 0 0 0 0 0 0
64 1 0 0 0 0 0 1 1 1
65 1 0 0 0 0 0 1 0 0
66 1 0 0 0 0 0 0 0 0
68 1 0 0 1 0 0 0 0 0
77 4 1 1 0 0 0 0 0 0
78 4 0 0 0 0 0 4 4 4
79 4 0 0 0 0 0 0 0 0
80 4 0 0 0 0 0 4 3 3
81 4 0 0 0 0 0 4 1 1
82 4 0 0 0 0 0 4 1 1
83 4 0 0 0 0 0 4 1 1
84 4 0 0 0 0 0 4 0 0
85 4 0 0 0 0 0 4 1 1
86 4 0 0 0 0 0 4 0 0
87 4 0 0 0 0 0 0 0 0
88 4 0 0 0 0 0 0 0 0
89 4 0 0 0 0 0 0 0 0
90 8 0 0 0 0 0 0 0 0
93 106 0 0 0 0 0 106 99 99
94 106 0 0 0 0 0 106 0 0
95 106 0 0 0 0 0 106 0 0
96 106 0 0 0 0 0 106 0 0
97 106 0 0 0 0 0 0 0 0
98 106 0 0 0 0 0 0 0 0
99 106 0 0 0 0 0 0 0 0
100 4 0 0 4 0 0 0 0 0
103 12 1 1 0 0 0 0 0 0
104 12 0 0 0 0 0 0 0 0
105 12 0 0 0 0 0 0 0 0
106 3 0 0 0 0 0 0 0 0
107 3 0 0 0 0 0 0 0 0
108 1 0 0 0 0 0 0 0 0
109 1 0 0 0 0 0 0 0 0
112 1 0 0 0 0 0 0 0 0
113 1 0 0 0 0 0 0 0 0
114 1 0 0 0 0 0 1 0 0
115 1 0 0 1 0 0 0 0 0
117 2 0 0 0 0 0 2 0 0
118 2 0 0 0 0 0 2 0 0
119 2 0 0 2 0 0 0 0 0
121 9 0 0 0 0 0 9 3 3
122 9 0 0 0 0 0 9 0 0
123 9 0 0 9 0 0 0 0 0
fl=/build/glibc-LK5gWL/glibc-2.23/string/../sysdeps/x86_64/multiarch/../strchr.S
fn=index
24 19 1 1 0 0 0 0 0 0
25 19 0 0 0 0 0 0 0 0
26 19 0 0 0 0 0 0 0 0
27 19 0 0 0 0 0 0 0 0
28 19 0 0 0 0 0 0 0 0
29 19 0 0 0 0 0 0 0 0
30 19 0 0 0 0 0 0 0 0
31 19 1 1 0 0 0 0 0 0
32 19 0 0 19 6 6 0 0 0
33 19 0 0 0 0 0 0 0 0
34 19 0 0 0 0 0 0 0 0
35 19 0 0 0 0 0 0 0 0
36 19 0 0 0 0 0 0 0 0
37 19 0 0 0 0 0 0 0 0
38 19 0 0 0 0 0 0 0 0
39 19 0 0 0 0 0 0 0 0
40 19 0 0 0 0 0 0 0 0
41 13 0 0 0 0 0 0 0 0
45 13 0 0 0 0 0 0 0 0
46 13 0 0 0 0 0 0 0 0
47 13 0 0 13 0 0 0 0 0
48 13 0 0 0 0 0 0 0 0
50 13 0 0 13 0 0 0 0 0
54 6 0 0 6 0 0 0 0 0
55 6 1 1 0 0 0 0 0 0
56 6 0 0 0 0 0 0 0 0
57 6 0 0 0 0 0 0 0 0
58 6 0 0 0 0 0 0 0 0
59 6 0 0 0 0 0 0 0 0
60 6 0 0 6 0 0 0 0 0
61 6 0 0 0 0 0 0 0 0
62 6 0 0 0 0 0 0 0 0
63 6 0 0 0 0 0 0 0 0
64 6 0 0 0 0 0 0 0 0
65 6 0 0 0 0 0 0 0 0
66 6 0 0 0 0 0 0 0 0
67 6 0 0 6 1 1 0 0 0
68 6 0 0 0 0 0 0 0 0
69 6 0 0 0 0 0 0 0 0
70 6 0 0 0 0 0 0 0 0
71 6 1 1 0 0 0 0 0 0
72 6 0 0 0 0 0 0 0 0
73 6 0 0 0 0 0 0 0 0
74 6 0 0 0 0 0 0 0 0
75 6 0 0 0 0 0 0 0 0
76 6 0 0 0 0 0 0 0 0
77 6 0 0 0 0 0 0 0 0
129 6 1 1 0 0 0 0 0 0
133 6 0 0 0 0 0 0 0 0
134 6 0 0 0 0 0 0 0 0
135 6 0 0 6 0 0 0 0 0
136 6 0 0 0 0 0 0 0 0
138 6 0 0 6 0 0 0 0 0
fl=/build/glibc-LK5gWL/glibc-2.23/string/../sysdeps/x86_64/multiarch/../strcmp.S
fn=strcmp
144 2620 1 1 0 0 0 0 0 0
145 2620 0 0 0 0 0 0 0 0
147 2620 0 0 0 0 0 0 0 0
148 2620 0 0 0 0 0 0 0 0
169 2620 0 0 0 0 0 0 0 0
170 2620 0 0 0 0 0 0 0 0
171 1153 0 0 0 0 0 0 0 0
172 1153 0 0 0 0 0 0 0 0
173 1075 0 0 1075 61 18 0 0 0
174 1075 0 0 1075 25 6 0 0 0
175 1075 0 0 1075 0 0 0 0 0
176 1075 0 0 1075 0 0 0 0 0
197 1075 0 0 0 0 0 0 0 0
198 1075 0 0 0 0 0 0 0 0
199 1075 0 0 0 0 0 0 0 0
200 1075 0 0 0 0 0 0 0 0
201 1075 0 0 0 0 0 0 0 0
202 1075 0 0 0 0 0 0 0 0
203 1075 0 0 0 0 0 0 0 0
208 42 0 0 0 0 0 0 0 0
209 42 0 0 0 0 0 0 0 0
218 1587 1 1 0 0 0 0 0 0
219 1587 0 0 0 0 0 0 0 0
220 1587 0 0 0 0 0 0 0 0
221 1587 0 0 0 0 0 0 0 0
222 1587 0 0 0 0 0 0 0 0
223 1587 0 0 0 0 0 0 0 0
224 1587 0 0 0 0 0 0 0 0
225 1587 0 0 0 0 0 0 0 0
226 205 0 0 0 0 0 0 0 0
227 132 0 0 0 0 0 0 0 0
228 132 0 0 0 0 0 0 0 0
229 132 0 0 0 0 0 0 0 0
231 205 0 0 0 0 0 0 0 0
232 205 0 0 0 0 0 0 0 0
233 205 1 1 0 0 0 0 0 0
234 205 0 0 205 13 2 0 0 0
235 205 0 0 0 0 0 0 0 0
236 205 0 0 0 0 0 0 0 0
246 1382 0 0 1382 17 1 0 0 0
247 1382 0 0 0 0 0 0 0 0
248 1382 0 0 0 0 0 0 0 0
250 1382 0 0 1382 7 1 0 0 0
256 1382 0 0 0 0 0 0 0 0
257 1382 0 0 0 0 0 0 0 0
258 1382 0 0 0 0 0 0 0 0
259 1382 0 0 0 0 0 0 0 0
260 1382 0 0 0 0 0 0 0 0
265 1382 0 0 0 0 0 0 0 0
267 234 0 0 0 0 0 0 0 0
268 234 1 1 0 0 0 0 0 0
269 468 0 0 0 0 0 0 0 0
277 254 0 0 254 9 0 0 0 0
278 254 0 0 254 1 1 0 0 0
281 254 0 0 0 0 0 0 0 0
282 254 0 0 0 0 0 0 0 0
283 254 0 0 0 0 0 0 0 0
284 254 0 0 0 0 0 0 0 0
285 254 0 0 0 0 0 0 0 0
286 254 0 0 0 0 0 0 0 0
292 30 0 0 0 0 0 0 0 0
293 30 0 0 30 0 0 0 0 0
294 30 1 1 30 0 0 0 0 0
297 30 0 0 0 0 0 0 0 0
298 30 0 0 0 0 0 0 0 0
299 30 0 0 0 0 0 0 0 0
300 30 0 0 0 0 0 0 0 0
301 30 0 0 0 0 0 0 0 0
302 30 0 0 0 0 0 0 0 0
307 20 0 0 0 0 0 0 0 0
308 20 0 0 0 0 0 0 0 0
696 2 1 1 0 0 0 0 0 0
697 2 0 0 2 1 1 0 0 0
698 2 0 0 2 0 0 0 0 0
699 2 0 0 0 0 0 0 0 0
700 2 1 1 0 0 0 0 0 0
702 2 0 0 0 0 0 0 0 0
703 2 0 0 0 0 0 0 0 0
704 2 0 0 0 0 0 0 0 0
705 2 0 0 0 0 0 0 0 0
706 2 0 0 0 0 0 0 0 0
707 2 0 0 0 0 0 0 0 0
708 2 0 0 0 0 0 0 0 0
709 2 0 0 2 0 0 0 0 0
713 2 0 0 0 0 0 0 0 0
714 2 0 0 0 0 0 0 0 0
715 2 0 0 0 0 0 0 0 0
721 2 0 0 0 0 0 0 0 0
722 2 0 0 0 0 0 0 0 0
723 4 1 1 0 0 0 0 0 0
727 2 0 0 0 0 0 0 0 0
728 2 0 0 0 0 0 0 0 0
731 2 0 0 2 0 0 0 0 0
732 2 0 0 2 2 2 0 0 0
733 2 0 0 0 0 0 0 0 0
736 2 0 0 0 0 0 0 0 0
737 2 0 0 0 0 0 0 0 0
738 2 0 0 0 0 0 0 0 0
744 2 0 0 0 0 0 0 0 0
745 2 0 0 0 0 0 0 0 0
746 2 1 1 0 0 0 0 0 0
747 2 0 0 0 0 0 0 0 0
748 2 0 0 0 0 0 0 0 0
749 2 0 0 0 0 0 0 0 0
821 1 1 1 0 0 0 0 0 0
822 1 0 0 1 0 0 0 0 0
823 1 0 0 1 0 0 0 0 0
824 1 0 0 0 0 0 0 0 0
825 1 1 1 0 0 0 0 0 0
827 1 0 0 0 0 0 0 0 0
828 1 0 0 0 0 0 0 0 0
829 1 0 0 0 0 0 0 0 0
830 1 0 0 0 0 0 0 0 0
831 1 0 0 0 0 0 0 0 0
832 1 0 0 0 0 0 0 0 0
833 1 0 0 0 0 0 0 0 0
834 1 0 0 1 0 0 0 0 0
838 1 0 0 0 0 0 0 0 0
839 1 0 0 0 0 0 0 0 0
840 1 0 0 0 0 0 0 0 0
846 1 0 0 0 0 0 0 0 0
847 1 0 0 0 0 0 0 0 0
848 2 1 1 0 0 0 0 0 0
852 1 0 0 0 0 0 0 0 0
853 1 0 0 0 0 0 0 0 0
856 1 0 0 1 0 0 0 0 0
857 1 0 0 1 1 1 0 0 0
858 1 0 0 0 0 0 0 0 0
861 1 0 0 0 0 0 0 0 0
862 1 0 0 0 0 0 0 0 0
863 1 0 0 0 0 0 0 0 0
869 1 0 0 0 0 0 0 0 0
870 1 0 0 0 0 0 0 0 0
871 1 1 1 0 0 0 0 0 0
872 1 0 0 0 0 0 0 0 0
873 1 0 0 0 0 0 0 0 0
874 1 0 0 0 0 0 0 0 0
946 2 1 1 0 0 0 0 0 0
947 2 0 0 2 0 0 0 0 0
948 2 0 0 2 0 0 0 0 0
949 2 0 0 0 0 0 0 0 0
950 2 1 1 0 0 0 0 0 0
952 2 0 0 0 0 0 0 0 0
953 2 0 0 0 0 0 0 0 0
954 2 0 0 0 0 0 0 0 0
955 2 0 0 0 0 0 0 0 0
956 2 0 0 0 0 0 0 0 0
957 2 0 0 0 0 0 0 0 0
958 2 0 0 0 0 0 0 0 0
959 2 0 0 2 0 0 0 0 0
963 2 0 0 0 0 0 0 0 0
964 2 0 0 0 0 0 0 0 0
965 2 0 0 0 0 0 0 0 0
971 2 0 0 0 0 0 0 0 0
972 2 0 0 0 0 0 0 0 0
973 4 1 1 0 0 0 0 0 0
977 2 0 0 0 0 0 0 0 0
978 2 0 0 0 0 0 0 0 0
981 2 0 0 2 1 1 0 0 0
982 2 0 0 2 0 0 0 0 0
983 2 0 0 0 0 0 0 0 0
986 2 0 0 0 0 0 0 0 0
987 2 0 0 0 0 0 0 0 0
988 2 0 0 0 0 0 0 0 0
994 2 0 0 0 0 0 0 0 0
995 2 0 0 0 0 0 0 0 0
996 2 1 1 0 0 0 0 0 0
997 2 0 0 0 0 0 0 0 0
998 2 0 0 0 0 0 0 0 0
999 2 0 0 0 0 0 0 0 0
1071 1 1 1 0 0 0 0 0 0
1072 1 0 0 1 0 0 0 0 0
1073 1 0 0 1 0 0 0 0 0
1074 1 0 0 0 0 0 0 0 0
1075 1 1 1 0 0 0 0 0 0
1077 1 0 0 0 0 0 0 0 0
1078 1 0 0 0 0 0 0 0 0
1079 1 0 0 0 0 0 0 0 0
1080 1 0 0 0 0 0 0 0 0
1081 1 0 0 0 0 0 0 0 0
1082 1 0 0 0 0 0 0 0 0
1083 1 0 0 0 0 0 0 0 0
1084 1 0 0 1 0 0 0 0 0
1088 1 0 0 0 0 0 0 0 0
1089 1 0 0 0 0 0 0 0 0
1090 1 0 0 0 0 0 0 0 0
1096 1 0 0 0 0 0 0 0 0
1097 1 0 0 0 0 0 0 0 0
1098 2 1 1 0 0 0 0 0 0
1102 1 0 0 0 0 0 0 0 0
1103 1 0 0 0 0 0 0 0 0
1106 1 0 0 1 0 0 0 0 0
1107 1 0 0 1 0 0 0 0 0
1108 1 0 0 0 0 0 0 0 0
1111 1 0 0 0 0 0 0 0 0
1112 1 0 0 0 0 0 0 0 0
1113 1 0 0 0 0 0 0 0 0
1119 1 0 0 0 0 0 0 0 0
1120 1 0 0 0 0 0 0 0 0
1121 1 1 1 0 0 0 0 0 0
1122 1 0 0 0 0 0 0 0 0
1123 1 0 0 0 0 0 0 0 0
1124 1 0 0 0 0 0 0 0 0
1196 64 1 1 0 0 0 0 0 0
1197 64 0 0 64 9 0 0 0 0
1198 64 0 0 64 0 0 0 0 0
1199 64 0 0 0 0 0 0 0 0
1200 64 1 1 0 0 0 0 0 0
1202 64 0 0 0 0 0 0 0 0
1203 64 0 0 0 0 0 0 0 0
1204 64 0 0 0 0 0 0 0 0
1205 64 0 0 0 0 0 0 0 0
1206 64 0 0 0 0 0 0 0 0
1207 64 0 0 0 0 0 0 0 0
1208 64 0 0 0 0 0 0 0 0
1209 2 0 0 2 0 0 0 0 0
1213 2 0 0 0 0 0 0 0 0
1214 2 0 0 0 0 0 0 0 0
1215 2 0 0 0 0 0 0 0 0
1221 2 0 0 0 0 0 0 0 0
1222 2 0 0 0 0 0 0 0 0
1223 4 1 1 0 0 0 0 0 0
1227 2 0 0 0 0 0 0 0 0
1228 2 0 0 0 0 0 0 0 0
1231 2 0 0 2 0 0 0 0 0
1232 2 0 0 2 0 0 0 0 0
1233 2 0 0 0 0 0 0 0 0
1236 2 0 0 0 0 0 0 0 0
1237 2 0 0 0 0 0 0 0 0
1238 2 0 0 0 0 0 0 0 0
1244 2 0 0 0 0 0 0 0 0
1245 2 0 0 0 0 0 0 0 0
1246 2 1 1 0 0 0 0 0 0
1247 2 0 0 0 0 0 0 0 0
1248 2 0 0 0 0 0 0 0 0
1249 2 0 0 0 0 0 0 0 0
1321 35 2 1 0 0 0 0 0 0
1322 35 0 0 35 3 0 0 0 0
1323 35 0 0 35 3 0 0 0 0
1324 35 0 0 0 0 0 0 0 0
1325 35 1 1 0 0 0 0 0 0
1327 35 0 0 0 0 0 0 0 0
1328 35 0 0 0 0 0 0 0 0
1329 35 0 0 0 0 0 0 0 0
1330 35 0 0 0 0 0 0 0 0
1331 35 0 0 0 0 0 0 0 0
1332 35 0 0 0 0 0 0 0 0
1333 35 0 0 0 0 0 0 0 0
1334 7 0 0 7 0 0 0 0 0
1338 7 0 0 0 0 0 0 0 0
1339 7 0 0 0 0 0 0 0 0
1340 7 0 0 0 0 0 0 0 0
1346 7 0 0 0 0 0 0 0 0
1347 7 0 0 0 0 0 0 0 0
1348 14 1 1 0 0 0 0 0 0
1352 7 0 0 0 0 0 0 0 0
1353 7 0 0 0 0 0 0 0 0
1356 7 0 0 7 1 0 0 0 0
1357 7 0 0 7 2 0 0 0 0
1358 7 0 0 0 0 0 0 0 0
1361 7 0 0 0 0 0 0 0 0
1362 7 0 0 0 0 0 0 0 0
1363 7 0 0 0 0 0 0 0 0
1369 7 0 0 0 0 0 0 0 0
1370 7 0 0 0 0 0 0 0 0
1371 7 1 1 0 0 0 0 0 0
1372 7 0 0 0 0 0 0 0 0
1373 7 0 0 0 0 0 0 0 0
1374 7 0 0 0 0 0 0 0 0
1446 30 2 1 0 0 0 0 0 0
1447 30 0 0 30 0 0 0 0 0
1448 30 0 0 30 2 1 0 0 0
1449 30 0 0 0 0 0 0 0 0
1450 30 2 1 0 0 0 0 0 0
1452 30 0 0 0 0 0 0 0 0
1453 30 0 0 0 0 0 0 0 0
1454 30 0 0 0 0 0 0 0 0
1455 30 0 0 0 0 0 0 0 0
1456 30 0 0 0 0 0 0 0 0
1457 30 0 0 0 0 0 0 0 0
1458 30 0 0 0 0 0 0 0 0
1459 2 0 0 2 0 0 0 0 0
1463 2 0 0 0 0 0 0 0 0
1464 2 0 0 0 0 0 0 0 0
1465 2 0 0 0 0 0 0 0 0
1471 2 0 0 0 0 0 0 0 0
1472 2 0 0 0 0 0 0 0 0
1473 4 1 1 0 0 0 0 0 0
1477 2 0 0 0 0 0 0 0 0
1478 2 0 0 0 0 0 0 0 0
1481 2 0 0 2 1 1 0 0 0
1482 2 0 0 2 0 0 0 0 0
1483 2 0 0 0 0 0 0 0 0
1486 2 0 0 0 0 0 0 0 0
1487 2 0 0 0 0 0 0 0 0
1488 2 0 0 0 0 0 0 0 0
1494 2 0 0 0 0 0 0 0 0
1495 2 0 0 0 0 0 0 0 0
1496 2 1 1 0 0 0 0 0 0
1497 2 0 0 0 0 0 0 0 0
1498 2 0 0 0 0 0 0 0 0
1499 2 0 0 0 0 0 0 0 0
1571 3 1 1 0 0 0 0 0 0
1572 3 0 0 3 1 0 0 0 0
1573 3 0 0 3 1 1 0 0 0
1574 3 0 0 0 0 0 0 0 0
1575 3 1 1 0 0 0 0 0 0
1577 3 0 0 0 0 0 0 0 0
1578 3 0 0 0 0 0 0 0 0
1579 3 0 0 0 0 0 0 0 0
1580 3 0 0 0 0 0 0 0 0
1581 3 0 0 0 0 0 0 0 0
1582 3 0 0 0 0 0 0 0 0
1583 3 0 0 0 0 0 0 0 0
1584 1 0 0 1 0 0 0 0 0
1588 1 0 0 0 0 0 0 0 0
1589 1 0 0 0 0 0 0 0 0
1590 1 0 0 0 0 0 0 0 0
1596 1 0 0 0 0 0 0 0 0
1597 1 0 0 0 0 0 0 0 0
1598 2 1 1 0 0 0 0 0 0
1602 1 0 0 0 0 0 0 0 0
1603 1 0 0 0 0 0 0 0 0
1606 1 0 0 1 1 1 0 0 0
1607 1 0 0 1 0 0 0 0 0
1608 1 0 0 0 0 0 0 0 0
1611 1 0 0 0 0 0 0 0 0
1612 1 0 0 0 0 0 0 0 0
1613 1 0 0 0 0 0 0 0 0
1619 1 0 0 0 0 0 0 0 0
1620 1 0 0 0 0 0 0 0 0
1621 1 1 1 0 0 0 0 0 0
1622 1 0 0 0 0 0 0 0 0
1623 1 0 0 0 0 0 0 0 0
1624 1 0 0 0 0 0 0 0 0
1696 22 1 1 0 0 0 0 0 0
1697 22 0 0 22 3 0 0 0 0
1698 22 0 0 22 4 2 0 0 0
1699 22 0 0 0 0 0 0 0 0
1700 22 1 1 0 0 0 0 0 0
1702 22 0 0 0 0 0 0 0 0
1703 22 0 0 0 0 0 0 0 0
1704 22 0 0 0 0 0 0 0 0
1705 22 0 0 0 0 0 0 0 0
1706 22 0 0 0 0 0 0 0 0
1707 22 0 0 0 0 0 0 0 0
1708 22 0 0 0 0 0 0 0 0
1709 2 0 0 2 0 0 0 0 0
1713 2 0 0 0 0 0 0 0 0
1714 2 0 0 0 0 0 0 0 0
1715 2 0 0 0 0 0 0 0 0
1721 2 0 0 0 0 0 0 0 0
1722 2 0 0 0 0 0 0 0 0
1723 4 1 1 0 0 0 0 0 0
1727 2 0 0 0 0 0 0 0 0
1728 2 0 0 0 0 0 0 0 0
1731 2 0 0 2 1 1 0 0 0
1732 2 0 0 2 0 0 0 0 0
1733 2 0 0 0 0 0 0 0 0
1736 2 0 0 0 0 0 0 0 0
1737 2 0 0 0 0 0 0 0 0
1738 2 0 0 0 0 0 0 0 0
1744 2 0 0 0 0 0 0 0 0
1745 2 0 0 0 0 0 0 0 0
1746 2 1 1 0 0 0 0 0 0
1747 2 0 0 0 0 0 0 0 0
1748 2 0 0 0 0 0 0 0 0
1749 2 0 0 0 0 0 0 0 0
1821 18 2 1 0 0 0 0 0 0
1822 18 0 0 18 2 1 0 0 0
1823 18 0 0 18 2 0 0 0 0
1824 18 0 0 0 0 0 0 0 0
1825 18 2 1 0 0 0 0 0 0
1827 18 0 0 0 0 0 0 0 0
1828 18 0 0 0 0 0 0 0 0
1829 18 0 0 0 0 0 0 0 0
1830 18 0 0 0 0 0 0 0 0
1831 18 0 0 0 0 0 0 0 0
1832 18 0 0 0 0 0 0 0 0
1833 18 0 0 0 0 0 0 0 0
1834 4 0 0 4 0 0 0 0 0
1838 4 0 0 0 0 0 0 0 0
1839 4 0 0 0 0 0 0 0 0
1840 4 0 0 0 0 0 0 0 0
1846 4 0 0 0 0 0 0 0 0
1847 4 0 0 0 0 0 0 0 0
1848 8 1 1 0 0 0 0 0 0
1852 4 0 0 0 0 0 0 0 0
1853 4 0 0 0 0 0 0 0 0
1856 4 0 0 4 1 1 0 0 0
1857 4 0 0 4 0 0 0 0 0
1858 4 0 0 0 0 0 0 0 0
1861 4 0 0 0 0 0 0 0 0
1862 4 0 0 0 0 0 0 0 0
1863 4 0 0 0 0 0 0 0 0
1869 4 0 0 0 0 0 0 0 0
1870 4 0 0 0 0 0 0 0 0
1871 4 1 1 0 0 0 0 0 0
1872 4 0 0 0 0 0 0 0 0
1873 4 0 0 0 0 0 0 0 0
1874 4 0 0 0 0 0 0 0 0
1946 5 1 1 0 0 0 0 0 0
1947 5 0 0 5 0 0 0 0 0
1948 5 0 0 5 0 0 0 0 0
1949 5 0 0 0 0 0 0 0 0
1950 5 1 1 0 0 0 0 0 0
1952 5 0 0 0 0 0 0 0 0
1953 5 0 0 0 0 0 0 0 0
1954 5 0 0 0 0 0 0 0 0
1955 5 0 0 0 0 0 0 0 0
1956 5 0 0 0 0 0 0 0 0
1957 5 0 0 0 0 0 0 0 0
1958 5 0 0 0 0 0 0 0 0
1959 5 0 0 5 0 0 0 0 0
1963 5 0 0 0 0 0 0 0 0
1964 5 0 0 0 0 0 0 0 0
1965 5 0 0 0 0 0 0 0 0
1971 5 0 0 0 0 0 0 0 0
1972 5 0 0 0 0 0 0 0 0
1973 10 1 1 0 0 0 0 0 0
1977 5 0 0 0 0 0 0 0 0
1978 5 0 0 0 0 0 0 0 0
1981 5 0 0 5 0 0 0 0 0
1982 5 0 0 5 1 1 0 0 0
1983 5 0 0 0 0 0 0 0 0
1986 5 0 0 0 0 0 0 0 0
1987 5 0 0 0 0 0 0 0 0
1988 5 0 0 0 0 0 0 0 0
1994 5 0 0 0 0 0 0 0 0
1995 5 0 0 0 0 0 0 0 0
1996 5 1 1 0 0 0 0 0 0
1997 5 0 0 0 0 0 0 0 0
1998 5 0 0 0 0 0 0 0 0
1999 5 0 0 0 0 0 0 0 0
2071 22 1 1 0 0 0 0 0 0
2072 22 0 0 22 2 1 0 0 0
2073 22 0 0 22 2 1 0 0 0
2074 22 0 0 0 0 0 0 0 0
2075 22 1 1 0 0 0 0 0 0
2077 22 0 0 0 0 0 0 0 0
2078 22 0 0 0 0 0 0 0 0
2079 22 0 0 0 0 0 0 0 0
2080 22 0 0 0 0 0 0 0 0
2081 22 0 0 0 0 0 0 0 0
2082 22 0 0 0 0 0 0 0 0
2083 22 0 0 0 0 0 0 0 0
2085 4 0 0 4 0 0 0 0 0
2089 4 0 0 0 0 0 0 0 0
2090 4 0 0 0 0 0 0 0 0
2091 4 0 0 0 0 0 0 0 0
2097 4 0 0 0 0 0 0 0 0
2098 4 0 0 0 0 0 0 0 0
2100 8 1 1 0 0 0 0 0 0
2104 4 0 0 0 0 0 0 0 0
2105 4 0 0 0 0 0 0 0 0
2108 4 0 0 4 2 2 0 0 0
2109 4 0 0 4 1 1 0 0 0
2110 4 0 0 0 0 0 0 0 0
2113 4 0 0 0 0 0 0 0 0
2114 4 0 0 0 0 0 0 0 0
2115 4 0 0 0 0 0 0 0 0
2121 4 0 0 0 0 0 0 0 0
2122 4 0 0 0 0 0 0 0 0
2123 4 1 1 0 0 0 0 0 0
2124 4 0 0 0 0 0 0 0 0
2125 4 0 0 0 0 0 0 0 0
2126 4 0 0 0 0 0 0 0 0
2133 1 0 0 0 0 0 0 0 0
2134 1 0 0 0 0 0 0 0 0
2136 1 0 0 0 0 0 0 0 0
2137 1 0 0 0 0 0 0 0 0
2139 1 0 0 1 0 0 0 0 0
2140 1 0 0 1 0 0 0 0 0
2141 1 0 0 0 0 0 0 0 0
2144 1 0 0 0 0 0 0 0 0
2145 1 0 0 0 0 0 0 0 0
2146 1 0 0 0 0 0 0 0 0
2152 1 0 0 0 0 0 0 0 0
2153 1 1 1 0 0 0 0 0 0
2154 1 0 0 0 0 0 0 0 0
2155 1 0 0 0 0 0 0 0 0
2156 1 0 0 0 0 0 0 0 0
2157 1 0 0 0 0 0 0 0 0
2200 267 0 0 0 0 0 0 0 0
2202 1587 1 1 0 0 0 0 0 0
2203 1587 0 0 0 0 0 0 0 0
2204 1587 0 0 0 0 0 0 0 0
2205 1587 1 1 0 0 0 0 0 0
2206 396 0 0 0 0 0 0 0 0
2211 2620 0 0 0 0 0 0 0 0
2217 2620 0 0 2620 0 0 0 0 0
2218 2620 0 0 2620 0 0 0 0 0
2226 2620 0 0 0 0 0 0 0 0
2227 2620 0 0 2620 0 0 0 0 0
fl=/build/glibc-LK5gWL/glibc-2.23/string/../sysdeps/x86_64/multiarch/strcmp-sse2-unaligned.S
fn=__strcmp_sse2_unaligned
24 8 1 1 0 0 0 0 0 0
25 8 0 0 0 0 0 0 0 0
26 8 0 0 0 0 0 0 0 0
27 8 0 0 0 0 0 0 0 0
28 8 0 0 0 0 0 0 0 0
29 8 1 1 0 0 0 0 0 0
30 8 0 0 0 0 0 0 0 0
31 8 0 0 8 1 1 0 0 0
32 8 0 0 8 1 0 0 0 0
33 8 0 0 0 0 0 0 0 0
34 8 0 0 0 0 0 0 0 0
35 8 0 0 0 0 0 0 0 0
36 8 0 0 0 0 0 0 0 0
37 8 0 0 0 0 0 0 0 0
38 8 0 0 0 0 0 0 0 0
39 8 0 0 0 0 0 0 0 0
41 8 0 0 0 0 0 0 0 0
42 8 0 0 8 0 0 0 0 0
43 8 0 0 8 0 0 0 0 0
44 8 0 0 0 0 0 0 0 0
45 8 0 0 8 0 0 0 0 0
fl=/build/glibc-LK5gWL/glibc-2.23/string/../sysdeps/x86_64/multiarch/strcmp.S
fn=strcasecmp
109 1 1 1 1 1 0 0 0 0
110 1 0 0 0 0 0 0 0 0
111 1 0 0 1 1 0 0 0 0
112 1 0 0 0 0 0 0 0 0
122 1 1 1 1 0 0 0 0 0
fn=strcmp
87 1 1 1 1 0 0 0 0 0
89 1 0 0 0 0 0 0 0 0
90 1 0 0 1 0 0 0 0 0
91 1 0 0 0 0 0 0 0 0
103 1 1 1 1 0 0 0 0 0
fn=strncasecmp
129 1 1 1 1 0 0 0 0 0
130 1 0 0 0 0 0 0 0 0
131 1 1 1 1 0 0 0 0 0
132 1 0 0 0 0 0 0 0 0
142 1 1 1 1 0 0 0 0 0
fl=/build/glibc-LK5gWL/glibc-2.23/string/../sysdeps/x86_64/multiarch/strcspn.S
fn=strcspn
45 1 1 1 1 0 0 0 0 0
46 1 0 0 0 0 0 0 0 0
47 1 0 0 1 1 0 0 0 0
48 1 0 0 0 0 0 0 0 0
49 1 0 0 0 0 0 0 0 0
50 1 0 0 1 0 0 0 0 0
fn=strpbrk
45 1 1 1 1 0 0 0 0 0
46 1 0 0 0 0 0 0 0 0
47 1 1 1 1 0 0 0 0 0
48 1 0 0 0 0 0 0 0 0
49 1 0 0 0 0 0 0 0 0
50 1 0 0 1 0 0 0 0 0
fl=/build/glibc-LK5gWL/glibc-2.23/string/../sysdeps/x86_64/multiarch/strspn.S
fn=strspn
30 1 1 1 1 0 0 0 0 0
31 1 0 0 0 0 0 0 0 0
32 1 0 0 1 0 0 0 0 0
33 1 0 0 0 0 0 0 0 0
34 1 0 0 0 0 0 0 0 0
35 1 0 0 1 0 0 0 0 0
fl=/build/glibc-LK5gWL/glibc-2.23/string/../sysdeps/x86_64/strlen.S
fn=strlen
66 98 2 2 0 0 0 0 0 0
67 98 0 0 0 0 0 0 0 0
68 98 0 0 0 0 0 0 0 0
69 98 0 0 0 0 0 0 0 0
70 98 0 0 0 0 0 0 0 0
71 98 0 0 0 0 0 0 0 0
72 98 0 0 0 0 0 0 0 0
74 98 1 1 0 0 0 0 0 0
76 98 0 0 0 0 0 0 0 0
106 97 0 0 97 6 6 0 0 0
107 97 0 0 0 0 0 0 0 0
108 97 1 1 0 0 0 0 0 0
109 97 0 0 0 0 0 0 0 0
110 97 0 0 0 0 0 0 0 0
111 79 0 0 0 0 0 0 0 0
112 79 0 0 79 0 0 0 0 0
116 18 0 0 0 0 0 0 0 0
117 18 0 0 18 0 0 0 0 0
118 18 0 0 18 1 1 0 0 0
119 18 0 0 18 1 1 0 0 0
120 18 0 0 0 0 0 0 0 0
121 18 0 0 0 0 0 0 0 0
122 18 0 0 0 0 0 0 0 0
123 18 0 0 0 0 0 0 0 0
124 18 0 0 0 0 0 0 0 0
125 18 0 0 0 0 0 0 0 0
126 18 0 0 0 0 0 0 0 0
127 18 0 0 0 0 0 0 0 0
132 144 0 0 18 0 0 0 0 0
136 1 1 1 0 0 0 0 0 0
137 14 1 1 4 0 0 0 0 0
138 8 0 0 1 0 0 0 0 0
fl=/build/glibc-LK5gWL/glibc-2.23/string/../sysdeps/x86_64/strrchr.S
fn=rindex
24 1 1 1 0 0 0 0 0 0
25 1 0 0 0 0 0 0 0 0
26 1 0 0 0 0 0 0 0 0
27 1 0 0 0 0 0 0 0 0
28 1 0 0 0 0 0 0 0 0
29 1 0 0 0 0 0 0 0 0
30 1 0 0 0 0 0 0 0 0
31 1 0 0 0 0 0 0 0 0
32 1 0 0 1 1 0 0 0 0
33 1 0 0 0 0 0 0 0 0
34 1 0 0 0 0 0 0 0 0
35 1 0 0 0 0 0 0 0 0
36 1 0 0 0 0 0 0 0 0
37 1 0 0 0 0 0 0 0 0
38 1 1 1 0 0 0 0 0 0
39 1 0 0 0 0 0 0 0 0
40 1 0 0 0 0 0 0 0 0
41 1 0 0 0 0 0 0 0 0
42 1 0 0 0 0 0 0 0 0
43 1 0 0 0 0 0 0 0 0
44 1 0 0 0 0 0 0 0 0
45 1 0 0 0 0 0 0 0 0
46 1 0 0 0 0 0 0 0 0
47 1 0 0 1 0 0 0 0 0
fl=/build/glibc-LK5gWL/glibc-2.23/string/strdup.c
fn=strdup
40 28 1 1 0 0 0 14 0 0
41 14 0 0 0 0 0 7 0 0
42 14 0 0 0 0 0 7 0 0
44 14 0 0 0 0 0 0 0 0
47 28 0 0 0 0 0 0 0 0
48 21 0 0 14 0 0 0 0 0
fl=/build/glibc-LK5gWL/glibc-2.23/string/wordcopy.c
fn=_wordcopy_fwd_aligned
38 12 1 1 2 0 0 0 0 0
41 1 0 0 1 0 0 0 0 0
44 3 0 0 0 0 0 0 0 0
45 1 0 0 0 0 0 0 0 0
47 1 1 1 1 0 0 0 0 0
50 3 0 0 0 0 0 0 0 0
51 1 0 0 0 0 0 0 0 0
115 1 1 1 1 0 0 0 0 0
116 1 0 0 0 0 0 1 0 0
118 2 0 0 2 0 0 0 0 0
119 2 0 0 0 0 0 2 0 0
122 2 0 0 0 0 0 0 0 0
125 4 0 0 0 0 0 0 0 0
130 4 1 1 2 0 0 2 0 0
fl=/build/glibc-LK5gWL/glibc-2.23/time/../sysdeps/generic/dl-hash.h
fn=gettimeofday
45 12 0 0 4 0 0 0 0 0
48 12 0 0 0 0 0 0 0 0
62 16 0 0 0 0 0 0 0 0
fn=time
45 12 0 0 4 1 1 0 0 0
48 12 0 0 0 0 0 0 0 0
62 16 1 1 0 0 0 0 0 0
fl=/build/glibc-LK5gWL/glibc-2.23/time/../sysdeps/unix/sysv/linux/x86/gettimeofday.c
fn=gettimeofday
36 1 0 0 0 0 0 0 0 0
37 11 2 2 0 0 0 4 0 0
40 3 1 1 0 0 0 1 0 0
41 3 0 0 0 0 0 0 0 0
42 2 0 0 1 0 0 0 0 0
fl=/build/glibc-LK5gWL/glibc-2.23/time/../sysdeps/unix/sysv/linux/x86/time.c
fn=time
37 1 0 0 0 0 0 0 0 0
38 11 1 1 0 0 0 4 0 0
41 3 0 0 0 0 0 1 0 0
42 3 1 1 0 0 0 0 0 0
43 2 0 0 1 0 0 0 0 0
fl=/build/glibc-LK5gWL/glibc-2.23/wcsmbs/./wcsmbsload.h
fn=btowc
71 384 0 0 128 1 0 0 0 0
73 384 1 1 0 0 0 0 0 0
74 128 0 0 0 0 0 0 0 0
fl=/build/glibc-LK5gWL/glibc-2.23/wcsmbs/btowc.c
fn=btowc
33 640 0 0 0 0 0 384 0 0
38 1280 1 1 0 0 0 0 0 0
43 768 0 0 0 0 0 0 0 0
47 384 1 1 384 1 0 0 0 0
48 256 0 0 256 1 0 0 0 0
51 512 0 0 128 1 0 0 0 0
55 256 0 0 128 1 0 0 0 0
58 640 0 0 128 0 0 256 0 0
99 768 1 1 640 0 0 0 0 0
fl=/build/glibc-LK5gWL/glibc-2.23/wcsmbs/wctob.c
fn=wctob
40 256 1 1 0 0 0 0 0 0
45 256 0 0 0 0 0 0 0 0
46 256 0 0 128 0 0 0 0 0
fl=/build/glibc-LK5gWL/glibc-2.23/wctype/wctype_l.c
fn=wctype_l
27 90 1 1 0 0 0 60 0 0
30 20 1 1 0 0 0 10 0 0
33 30 0 0 20 1 0 0 0 0
34 58 0 0 0 0 0 0 0 0
36 174 0 0 0 0 0 58 0 0
38 410 0 0 0 0 0 49 0 0
41 48 0 0 0 0 0 0 0 0
42 96 0 0 48 0 0 0 0 0
47 20 1 1 20 3 0 0 0 0
48 80 0 0 70 0 0 0 0 0
fl=???
fn=???
0 51995694 167 160 51994794 133 8 420 21 13
fn=_GLOBAL__sub_I_main
0 8 2 1 0 0 0 1 0 0
fn=__atan2_finite
0 8 2 2 3 0 0 0 0 0
fn=__cpu_indicator_init
0 61 7 7 6 2 1 5 0 0
fn=__cxa_guard_acquire
0 32 3 3 13 1 0 7 0 0
fn=__cxa_guard_release
0 14 2 2 5 0 0 3 0 0
fn=__cxxabiv1::__si_class_type_info::__do_dyncast(long, __cxxabiv1::__class_type_info::__sub_kind, __cxxabiv1::__class_type_info const*, void const*, __cxxabiv1::__class_type_info const*, void const*, __cxxabiv1::__class_type_info::__dyncast_result&) const
0 1440 3 3 440 0 0 360 0 0
fn=__cxxabiv1::__vmi_class_type_info::__do_dyncast(long, __cxxabiv1::__class_type_info::__sub_kind, __cxxabiv1::__class_type_info const*, void const*, __cxxabiv1::__class_type_info const*, void const*, __cxxabiv1::__class_type_info::__dyncast_result&) const
0 520 7 7 192 2 1 136 0 0
fn=__dynamic_cast
0 2496 4 4 912 12 0 528 0 0
fn=__libc_csu_init
0 41 2 2 9 2 1 9 0 0
fn=__log_finite
0 8 2 2 3 0 0 0 0 0
fn=_dl_debug_initialize
0 7 1 1 6 0 0 0 0 0
fn=_start
0 11 1 1 1 0 0 3 0 0
fn=bool std::has_facet<std::ctype<char> >(std::locale const&)
0 84 2 2 36 2 0 12 0 0
fn=bool std::has_facet<std::ctype<wchar_t> >(std::locale const&)
0 84 2 2 36 1 0 12 0 0
fn=bool std::has_facet<std::num_get<char, std::istreambuf_iterator<char, std::char_traits<char> > > >(std::locale const&)
0 84 1 1 36 1 0 12 0 0
fn=bool std::has_facet<std::num_get<wchar_t, std::istreambuf_iterator<wchar_t, std::char_traits<wchar_t> > > >(std::locale const&)
0 84 1 1 36 0 0 12 0 0
fn=bool std::has_facet<std::num_put<char, std::ostreambuf_iterator<char, std::char_traits<char> > > >(std::locale const&)
0 84 2 2 36 1 0 12 0 0
fn=bool std::has_facet<std::num_put<wchar_t, std::ostreambuf_iterator<wchar_t, std::char_traits<wchar_t> > > >(std::locale const&)
0 84 2 2 36 0 0 12 0 0
fn=main
0 779537929 3 3 51963463 651 611 103946932 3250361 3250128
fn=memcpy@GLIBC_2.2.5
0 18 2 2 4 0 0 0 0 0
fn=operator new(unsigned long)
0 100010 1 1 20002 0 0 20002 0 0
fn=operator new[](unsigned long)
0 10001 1 1 0 0 0 0 0 0
fn=sin
0 8 1 1 3 0 0 0 0 0
fn=std::__cxx11::messages<char>::messages(unsigned long)
0 19 1 1 4 0 0 8 1 1
fn=std::__cxx11::messages<wchar_t>::messages(unsigned long)
0 19 2 2 4 1 0 8 0 0
fn=std::__cxx11::moneypunct<char, false>::_M_initialize_moneypunct(__locale_struct*, char const*)
0 112 6 6 38 1 1 31 0 0
fn=std::__cxx11::moneypunct<char, true>::_M_initialize_moneypunct(__locale_struct*, char const*)
0 112 5 5 38 0 0 31 0 0
fn=std::__cxx11::moneypunct<wchar_t, false>::_M_initialize_moneypunct(__locale_struct*, char const*)
0 108 6 6 29 1 0 31 0 0
fn=std::__cxx11::moneypunct<wchar_t, true>::_M_initialize_moneypunct(__locale_struct*, char const*)
0 108 6 6 29 0 0 31 0 0
fn=std::__cxx11::numpunct<char>::_M_initialize_numpunct(__locale_struct*)
0 413 7 7 137 4 2 75 0 0
fn=std::__cxx11::numpunct<wchar_t>::_M_initialize_numpunct(__locale_struct*)
0 349 5 5 73 0 0 74 3 3
fn=std::__timepunct<char>::_M_initialize_timepunct(__locale_struct*)
0 105 11 11 6 0 0 52 0 0
fn=std::__timepunct<char>::__timepunct(std::__timepunct_cache<char>*, unsigned long)
0 22 2 2 4 0 0 9 1 1
fn=std::__timepunct<wchar_t>::_M_initialize_timepunct(__locale_struct*)
0 103 12 12 5 0 0 51 0 0
fn=std::__timepunct<wchar_t>::__timepunct(std::__timepunct_cache<wchar_t>*, unsigned long)
0 22 2 2 4 0 0 9 0 0
fn=std::basic_ios<char, std::char_traits<char> >::_M_cache_locale(std::locale const&)
0 120 2 2 12 0 0 44 0 0
fn=std::basic_ios<char, std::char_traits<char> >::init(std::basic_streambuf<char, std::char_traits<char> >*)
0 88 2 2 12 0 0 36 0 0
fn=std::basic_ios<wchar_t, std::char_traits<wchar_t> >::_M_cache_locale(std::locale const&)
0 120 2 2 12 0 0 44 0 0
fn=std::basic_ios<wchar_t, std::char_traits<wchar_t> >::init(std::basic_streambuf<wchar_t, std::char_traits<wchar_t> >*)
0 88 2 2 12 0 0 40 0 0
fn=std::codecvt<char, char, __mbstate_t>::codecvt(unsigned long)
0 17 1 1 4 1 0 6 2 2
fn=std::codecvt<wchar_t, char, __mbstate_t>::codecvt(unsigned long)
0 17 1 1 4 1 0 6 1 1
fn=std::ctype<char> const& std::use_facet<std::ctype<char> >(std::locale const&)
0 76 2 2 36 0 0 12 0 0
fn=std::ctype<char>::ctype(unsigned short const*, bool, unsigned long)
0 115 4 4 8 1 0 79 9 9
fn=std::ctype<wchar_t> const& std::use_facet<std::ctype<wchar_t> >(std::locale const&)
0 76 2 2 36 0 0 12 0 0
fn=std::ctype<wchar_t>::_M_convert_to_wmask(unsigned short) const
0 179 7 7 22 0 0 10 0 0
fn=std::ctype<wchar_t>::_M_initialize_ctype()
0 2733 4 4 6 0 0 811 20 20
fn=std::ctype<wchar_t>::ctype(unsigned long)
0 19 2 2 3 0 0 7 1 1
fn=std::error_category::error_category()
0 8 1 1 4 1 0 2 0 0
fn=std::future_category()
0 17 2 2 2 1 1 3 0 0
fn=std::ios_base::Init::Init()
0 268 31 31 41 11 0 164 16 2
fn=std::ios_base::_M_init()
0 200 2 2 48 0 0 72 0 0
fn=std::ios_base::ios_base()
0 464 3 3 8 0 0 208 31 15
fn=std::locale::_Impl::_Impl(unsigned long)
0 1014 67 67 84 27 1 433 50 50
fn=std::locale::_Impl::_M_install_facet(std::locale::id const*, std::locale::facet const*)
0 12096 5 5 3520 2 0 256 0 0
fn=std::locale::facet::_S_create_c_locale(__locale_struct*&, char const*, __locale_struct*)
0 9 1 1 2 0 0 3 0 0
fn=std::locale::facet::_S_get_c_locale()
0 128 1 1 57 0 0 15 0 0
fn=std::locale::facet::_S_get_c_name()
0 14 1 1 7 0 0 0 0 0
fn=std::locale::id::_M_id() const
0 982 1 1 316 10 5 96 0 0
fn=std::locale::locale()
0 440 3 3 154 1 0 154 2 1
fn=std::locale::operator=(std::locale const&)
0 152 2 2 56 0 0 24 0 0
fn=std::locale::~locale()
0 56 2 2 32 0 0 8 0 0
fn=std::messages<char>::messages(unsigned long)
0 19 2 2 4 0 0 8 1 1
fn=std::messages<wchar_t>::messages(unsigned long)
0 19 2 2 4 0 0 8 0 0
fn=std::moneypunct<char, false>::_M_initialize_moneypunct(__locale_struct*, char const*)
0 112 4 4 38 0 0 31 0 0
fn=std::moneypunct<char, true>::_M_initialize_moneypunct(__locale_struct*, char const*)
0 112 5 5 38 0 0 31 0 0
fn=std::moneypunct<wchar_t, false>::_M_initialize_moneypunct(__locale_struct*, char const*)
0 108 6 6 29 0 0 31 0 0
fn=std::moneypunct<wchar_t, true>::_M_initialize_moneypunct(__locale_struct*, char const*)
0 108 6 6 29 0 0 31 0 0
fn=std::num_get<char, std::istreambuf_iterator<char, std::char_traits<char> > > const& std::use_facet<std::num_get<char, std::istreambuf_iterator<char, std::char_traits<char> > > >(std::locale const&)
0 76 1 1 36 0 0 12 0 0
fn=std::num_get<wchar_t, std::istreambuf_iterator<wchar_t, std::char_traits<wchar_t> > > const& std::use_facet<std::num_get<wchar_t, std::istreambuf_iterator<wchar_t, std::char_traits<wchar_t> > > >(std::locale const&)
0 76 1 1 36 0 0 12 0 0
fn=std::num_put<char, std::ostreambuf_iterator<char, std::char_traits<char> > > const& std::use_facet<std::num_put<char, std::ostreambuf_iterator<char, std::char_traits<char> > > >(std::locale const&)
0 76 2 2 36 0 0 12 0 0
fn=std::num_put<wchar_t, std::ostreambuf_iterator<wchar_t, std::char_traits<wchar_t> > > const& std::use_facet<std::num_put<wchar_t, std::ostreambuf_iterator<wchar_t, std::char_traits<wchar_t> > > >(std::locale const&)
0 76 2 2 36 0 0 12 0 0
fn=std::numpunct<char>::_M_initialize_numpunct(__locale_struct*)
0 413 5 5 137 0 0 75 0 0
fn=std::numpunct<wchar_t>::_M_initialize_numpunct(__locale_struct*)
0 349 4 4 73 0 0 74 0 0
summary: 3276488372 1427 1377 884304838 14639 8682 416250889 3263857 3262728
